,overs,runs,wickets,total,difference
1,5.2,61.0,1.0,222.0,161.0
0,12.1,112.0,2.0,222.0,110.0
2,17.1,172.0,3.0,222.0,50.0
3,2.5,26.0,1.0,240.0,214.0
2,6.2,57.0,2.0,240.0,183.0
0,7.1,62.0,3.0,240.0,178.0
1,12.2,128.0,4.0,240.0,112.0
4,15.3,167.0,5.0,240.0,73.0
6,2.3,17.0,1.0,129.0,112.0
5,3.5,27.0,2.0,129.0,102.0
3,6.2,41.0,3.0,129.0,88.0
4,7.4,47.0,4.0,129.0,82.0
1,10.3,57.0,5.0,129.0,72.0
0,12.1,71.0,6.0,129.0,58.0
2,14.2,93.0,7.0,129.0,36.0
7,17.1,110.0,8.0,129.0,19.0
4,1.5,9.0,1.0,165.0,156.0
1,3.4,20.0,2.0,165.0,145.0
6,5.4,46.0,3.0,165.0,119.0
5,13.3,97.0,4.0,165.0,68.0
0,16.5,125.0,5.0,165.0,40.0
3,18.5,152.0,6.0,165.0,13.0
2,19.6,165.0,7.0,165.0,0.0
1,3.2,21.0,1.0,110.0,89.0
6,4.3,22.0,2.0,110.0,88.0
2,8.1,47.0,3.0,110.0,63.0
3,8.4,47.0,4.0,110.0,63.0
7,11.4,58.0,5.0,110.0,52.0
0,14.3,71.0,6.0,110.0,39.0
9,17.4,104.0,7.0,110.0,6.0
8,17.6,105.0,8.0,110.0,5.0
4,18.3,110.0,9.0,110.0,0.0
5,18.4,110.0,10.0,110.0,0.0
5,4.5,34.0,1.0,166.0,132.0
0,6.3,56.0,2.0,166.0,110.0
2,7.4,64.0,3.0,166.0,102.0
3,8.6,73.0,4.0,166.0,93.0
1,16.5,136.0,5.0,166.0,30.0
6,17.2,136.0,6.0,166.0,30.0
7,17.4,136.0,7.0,166.0,30.0
4,18.6,149.0,8.0,166.0,17.0
6,1.6,9.0,1.0,142.0,133.0
7,5.1,23.0,2.0,142.0,119.0
2,7.6,36.0,3.0,142.0,106.0
3,9.3,45.0,4.0,142.0,97.0
0,12.1,60.0,5.0,142.0,82.0
1,16.1,82.0,6.0,142.0,60.0
5,18.4,123.0,7.0,142.0,19.0
4,19.2,129.0,8.0,142.0,13.0
1,3.1,34.0,1.0,208.0,174.0
4,4.4,39.0,2.0,208.0,169.0
0,14.6,143.0,3.0,208.0,65.0
3,18.7,194.0,4.0,208.0,14.0
2,19.5,206.0,5.0,208.0,2.0
0,2.2,22.0,1.0,214.0,192.0
1,2.6,32.0,2.0,214.0,182.0
2,8.3,75.0,3.0,214.0,139.0
4,17.6,186.0,4.0,214.0,28.0
3,19.7,214.0,5.0,214.0,0.0
7,1.4,8.0,1.0,182.0,174.0
3,8.1,81.0,2.0,182.0,101.0
0,10.6,107.0,3.0,182.0,75.0
8,13.5,121.0,4.0,182.0,61.0
1,16.4,152.0,5.0,182.0,30.0
9,17.4,155.0,6.0,182.0,27.0
5,18.2,159.0,7.0,182.0,23.0
6,18.7,169.0,8.0,182.0,13.0
4,19.2,170.0,9.0,182.0,12.0
2,19.6,182.0,10.0,182.0,0.0
5,0.2,1.0,1.0,135.0,134.0
2,2.2,16.0,2.0,135.0,119.0
1,6.3,59.0,3.0,135.0,76.0
0,7.2,65.0,4.0,135.0,70.0
3,9.4,77.0,5.0,135.0,58.0
7,11.4,78.0,6.0,135.0,57.0
6,13.6,90.0,7.0,135.0,45.0
4,19.2,131.0,8.0,135.0,4.0
2,2.3,32.0,1.0,147.0,115.0
3,2.4,32.0,2.0,147.0,115.0
7,5.5,61.0,3.0,147.0,86.0
0,7.2,64.0,4.0,147.0,83.0
5,9.3,70.0,5.0,147.0,77.0
1,14.4,98.0,6.0,147.0,49.0
8,17.2,121.0,7.0,147.0,26.0
6,18.2,127.0,8.0,147.0,20.0
4,19.6,145.0,9.0,147.0,2.0
3,2.2,15.0,1.0,154.0,139.0
2,3.5,18.0,2.0,154.0,136.0
6,5.3,27.0,3.0,154.0,127.0
0,10.3,55.0,4.0,154.0,99.0
5,13.3,79.0,5.0,154.0,75.0
1,16.4,122.0,6.0,154.0,32.0
4,19.6,154.0,7.0,154.0,0.0
4,1.5,11.0,1.0,158.0,147.0
2,2.3,12.0,2.0,158.0,146.0
7,5.6,45.0,3.0,158.0,113.0
0,7.1,54.0,4.0,158.0,104.0
5,11.6,88.0,5.0,158.0,70.0
1,16.4,125.0,6.0,158.0,33.0
6,17.5,139.0,7.0,158.0,19.0
3,19.6,158.0,8.0,158.0,0.0
1,3.6,22.0,1.0,178.0,156.0
0,6.3,42.0,2.0,178.0,136.0
4,11.6,83.0,3.0,178.0,95.0
2,19.5,178.0,4.0,178.0,0.0
3,19.6,178.0,5.0,178.0,0.0
1,0.3,5.0,1.0,137.0,132.0
2,0.5,6.0,2.0,137.0,131.0
6,5.3,40.0,3.0,137.0,97.0
5,11.6,74.0,4.0,137.0,63.0
4,13.1,77.0,5.0,137.0,60.0
3,13.3,77.0,6.0,137.0,60.0
7,15.4,90.0,7.0,137.0,47.0
0,19.3,131.0,8.0,137.0,6.0
3,4.6,53.0,1.0,191.0,138.0
1,14.6,151.0,2.0,191.0,40.0
0,16.1,159.0,3.0,191.0,32.0
4,17.1,167.0,4.0,191.0,24.0
2,18.2,179.0,5.0,191.0,12.0
3,3.2,27.0,1.0,164.0,137.0
4,6.6,54.0,2.0,164.0,110.0
6,8.6,67.0,3.0,164.0,97.0
7,11.5,90.0,4.0,164.0,74.0
1,12.3,92.0,5.0,164.0,72.0
2,14.1,98.0,6.0,164.0,66.0
0,16.1,119.0,7.0,164.0,45.0
5,19.1,154.0,8.0,164.0,10.0
3,1.6,11.0,1.0,196.0,185.0
0,6.6,53.0,2.0,196.0,143.0
4,11.4,106.0,3.0,196.0,90.0
5,11.7,111.0,4.0,196.0,85.0
6,17.2,168.0,5.0,196.0,28.0
2,19.2,190.0,6.0,196.0,6.0
1,19.4,192.0,7.0,196.0,4.0
1,3.4,23.0,1.0,169.0,146.0
3,8.1,65.0,2.0,169.0,104.0
0,14.5,122.0,3.0,169.0,47.0
5,17.1,137.0,4.0,169.0,32.0
4,18.2,145.0,5.0,169.0,24.0
2,19.5,163.0,6.0,169.0,6.0
8,11.2,101.0,1.0,165.0,64.0
0,12.3,109.0,2.0,165.0,56.0
7,13.2,109.0,3.0,165.0,56.0
1,14.6,123.0,4.0,165.0,42.0
9,17.3,151.0,5.0,165.0,14.0
5,18.3,164.0,6.0,165.0,1.0
6,18.4,164.0,7.0,165.0,1.0
4,19.2,164.0,8.0,165.0,1.0
2,19.4,165.0,9.0,165.0,0.0
3,19.6,165.0,10.0,165.0,0.0
1,3.5,28.0,1.0,178.0,150.0
2,8.6,82.0,2.0,178.0,96.0
5,11.3,98.0,3.0,178.0,80.0
0,12.1,102.0,4.0,178.0,76.0
4,13.3,106.0,5.0,178.0,72.0
3,18.3,155.0,6.0,178.0,23.0
5,5.4,46.0,1.0,162.0,116.0
7,5.6,50.0,2.0,162.0,112.0
0,12.6,102.0,3.0,162.0,60.0
4,13.3,109.0,4.0,162.0,53.0
1,14.5,112.0,5.0,162.0,50.0
6,15.1,112.0,6.0,162.0,50.0
3,18.3,136.0,7.0,162.0,26.0
2,19.2,157.0,8.0,162.0,5.0
7,0.1,0.0,1.0,109.0,109.0
8,0.5,1.0,2.0,109.0,108.0
5,2.5,11.0,3.0,109.0,98.0
9,5.5,38.0,4.0,109.0,71.0
4,7.5,44.0,5.0,109.0,65.0
3,14.2,88.0,6.0,109.0,21.0
2,14.5,91.0,7.0,109.0,18.0
1,16.1,96.0,8.0,109.0,13.0
0,16.4,96.0,9.0,109.0,13.0
6,18.6,109.0,10.0,109.0,0.0
6,0.5,1.0,1.0,126.0,125.0
7,0.6,1.0,2.0,126.0,125.0
2,3.3,15.0,3.0,126.0,111.0
0,12.1,69.0,4.0,126.0,57.0
9,15.3,98.0,5.0,126.0,28.0
3,15.5,98.0,6.0,126.0,28.0
1,16.1,102.0,7.0,126.0,24.0
8,17.2,116.0,8.0,126.0,10.0
5,18.3,124.0,9.0,126.0,2.0
4,19.2,126.0,10.0,126.0,0.0
4,0.6,4.0,1.0,144.0,140.0
2,3.4,15.0,2.0,144.0,129.0
6,5.4,33.0,3.0,144.0,111.0
1,6.5,43.0,4.0,144.0,101.0
5,13.3,82.0,5.0,144.0,62.0
0,14.5,86.0,6.0,144.0,58.0
3,18.4,124.0,7.0,144.0,20.0
4,2.2,12.0,1.0,103.0,91.0
3,3.1,21.0,2.0,103.0,82.0
5,8.6,74.0,3.0,103.0,29.0
0,10.5,82.0,4.0,103.0,21.0
8,11.1,82.0,5.0,103.0,21.0
7,13.1,94.0,6.0,103.0,9.0
2,14.1,95.0,7.0,103.0,8.0
9,15.1,102.0,8.0,103.0,1.0
6,15.5,103.0,9.0,103.0,0.0
1,16.2,103.0,10.0,103.0,0.0
3,4.6,45.0,1.0,187.0,142.0
2,5.2,46.0,2.0,187.0,141.0
4,17.6,167.0,3.0,187.0,20.0
1,18.5,175.0,4.0,187.0,12.0
0,19.1,176.0,5.0,187.0,11.0
1,2.1,9.0,1.0,129.0,120.0
0,3.3,20.0,2.0,129.0,109.0
3,7.3,46.0,3.0,129.0,83.0
2,8.6,64.0,4.0,129.0,65.0
5,11.2,80.0,5.0,129.0,49.0
4,11.5,88.0,6.0,129.0,41.0
6,15.4,122.0,7.0,129.0,7.0
3,7.6,61.0,1.0,140.0,79.0
1,12.2,88.0,2.0,140.0,52.0
6,13.3,97.0,3.0,140.0,43.0
2,14.2,100.0,4.0,140.0,40.0
7,15.4,105.0,5.0,140.0,35.0
0,16.2,105.0,6.0,140.0,35.0
5,18.3,126.0,7.0,140.0,14.0
4,19.2,130.0,8.0,140.0,10.0
7,5.3,35.0,1.0,122.0,87.0
8,5.6,36.0,2.0,122.0,86.0
0,7.1,39.0,3.0,122.0,83.0
4,11.4,74.0,4.0,122.0,48.0
1,12.2,76.0,5.0,122.0,46.0
3,13.1,82.0,6.0,122.0,40.0
2,13.4,83.0,7.0,122.0,39.0
6,17.5,122.0,8.0,122.0,0.0
5,17.6,122.0,9.0,122.0,0.0
2,0.6,10.0,1.0,181.0,171.0
0,2.2,20.0,2.0,181.0,161.0
1,6.6,64.0,3.0,181.0,117.0
3,17.3,155.0,4.0,181.0,26.0
3,0.4,4.0,1.0,204.0,200.0
0,10.1,73.0,2.0,204.0,131.0
2,18.1,175.0,3.0,204.0,29.0
1,19.3,190.0,4.0,204.0,14.0
6,5.6,47.0,1.0,156.0,109.0
0,6.6,52.0,2.0,156.0,104.0
2,9.6,68.0,3.0,156.0,88.0
5,13.3,92.0,4.0,156.0,64.0
4,13.7,94.0,5.0,156.0,62.0
3,15.5,100.0,6.0,156.0,56.0
1,19.3,154.0,7.0,156.0,2.0
2,2.1,4.0,1.0,143.0,139.0
5,4.6,36.0,2.0,143.0,107.0
7,5.4,49.0,3.0,143.0,94.0
0,10.1,74.0,4.0,143.0,69.0
1,14.6,102.0,5.0,143.0,41.0
6,17.2,123.0,6.0,143.0,20.0
4,18.2,129.0,7.0,143.0,14.0
3,19.6,139.0,8.0,143.0,4.0
3,5.8,35.0,1.0,133.0,98.0
0,6.8,47.0,2.0,133.0,86.0
2,13.2,87.0,3.0,133.0,46.0
5,15.4,99.0,4.0,133.0,34.0
4,17.6,119.0,5.0,133.0,14.0
1,19.1,129.0,6.0,133.0,4.0
0,2.5,18.0,1.0,156.0,138.0
5,5.5,28.0,2.0,156.0,128.0
1,8.3,46.0,3.0,156.0,110.0
2,8.5,46.0,4.0,156.0,110.0
4,18.6,141.0,5.0,156.0,15.0
3,19.9,156.0,6.0,156.0,0.0
2,13.4,133.0,1.0,221.0,88.0
0,19.3,213.0,2.0,221.0,8.0
1,19.7,221.0,3.0,221.0,0.0
1,0.6,7.0,1.0,194.0,187.0
3,15.2,140.0,2.0,194.0,54.0
2,17.4,166.0,3.0,194.0,28.0
0,19.5,190.0,4.0,194.0,4.0
5,2.6,16.0,1.0,67.0,51.0
4,2.7,16.0,2.0,67.0,51.0
8,4.2,21.0,3.0,67.0,46.0
2,6.4,28.0,4.0,67.0,39.0
3,7.5,29.0,5.0,67.0,38.0
6,9.1,35.0,6.0,67.0,32.0
0,12.4,55.0,7.0,67.0,12.0
7,13.4,60.0,8.0,67.0,7.0
1,14.3,65.0,9.0,67.0,2.0
9,15.2,67.0,10.0,67.0,0.0
2,6.7,75.0,1.0,118.0,43.0
3,8.7,104.0,2.0,118.0,14.0
0,10.2,115.0,3.0,118.0,3.0
1,10.4,116.0,4.0,118.0,2.0
0,12.2,109.0,1.0,197.0,88.0
1,2.5,39.0,1.0,178.0,139.0
2,8.2,72.0,2.0,178.0,106.0
3,8.4,72.0,3.0,178.0,106.0
0,12.6,96.0,4.0,178.0,82.0
6,17.4,150.0,5.0,178.0,28.0
5,17.6,156.0,6.0,178.0,22.0
4,19.2,175.0,7.0,178.0,3.0
2,2.2,14.0,1.0,149.0,135.0
3,4.6,28.0,2.0,149.0,121.0
1,16.1,114.0,3.0,149.0,35.0
0,16.2,114.0,4.0,149.0,35.0
4,17.2,122.0,5.0,149.0,27.0
3,4.6,31.0,1.0,154.0,123.0
0,6.1,41.0,2.0,154.0,113.0
1,10.6,73.0,3.0,154.0,81.0
5,15.1,102.0,4.0,154.0,52.0
6,15.6,105.0,5.0,154.0,49.0
4,17.4,122.0,6.0,154.0,32.0
2,18.5,126.0,7.0,154.0,28.0
4,1.4,7.0,1.0,147.0,140.0
1,6.4,40.0,2.0,147.0,107.0
5,11.5,71.0,3.0,147.0,76.0
0,14.4,95.0,4.0,147.0,52.0
6,17.3,118.0,5.0,147.0,29.0
7,17.6,123.0,6.0,147.0,24.0
3,18.3,129.0,7.0,147.0,18.0
2,19.3,142.0,8.0,147.0,5.0
2,0.3,1.0,1.0,189.0,188.0
1,14.5,134.0,2.0,189.0,55.0
0,16.6,148.0,3.0,189.0,41.0
3,17.4,150.0,4.0,189.0,39.0
6,1.4,7.0,1.0,126.0,119.0
7,5.3,22.0,2.0,126.0,104.0
4,8.1,33.0,3.0,126.0,93.0
5,9.6,41.0,4.0,126.0,85.0
1,14.6,76.0,5.0,126.0,50.0
0,16.5,97.0,6.0,126.0,29.0
2,19.4,124.0,7.0,126.0,2.0
3,19.5,124.0,8.0,126.0,2.0
2,11.1,79.0,1.0,175.0,96.0
0,14.5,111.0,2.0,175.0,64.0
3,17.4,149.0,3.0,175.0,26.0
1,18.5,163.0,4.0,175.0,12.0
1,7.1,70.0,1.0,176.0,106.0
0,12.1,107.0,2.0,176.0,69.0
6,13.3,112.0,3.0,176.0,64.0
2,14.1,114.0,4.0,176.0,62.0
7,17.4,143.0,5.0,176.0,33.0
4,19.1,162.0,6.0,176.0,14.0
5,19.3,163.0,7.0,176.0,13.0
3,19.6,176.0,8.0,176.0,0.0
4,11.1,127.0,1.0,211.0,84.0
3,13.6,150.0,2.0,211.0,61.0
0,16.2,178.0,3.0,211.0,33.0
2,18.2,199.0,4.0,211.0,12.0
1,19.6,211.0,5.0,211.0,0.0
6,1.6,13.0,1.0,156.0,143.0
0,10.6,85.0,2.0,156.0,71.0
2,12.5,102.0,3.0,156.0,54.0
7,13.2,104.0,4.0,156.0,52.0
1,14.2,111.0,5.0,156.0,45.0
5,18.3,135.0,6.0,156.0,21.0
3,19.4,150.0,7.0,156.0,6.0
4,19.6,156.0,8.0,156.0,0.0
2,3.1,24.0,1.0,174.0,150.0
0,12.4,107.0,2.0,174.0,67.0
1,14.6,133.0,3.0,174.0,41.0
5,18.2,164.0,4.0,174.0,10.0
3,19.4,173.0,5.0,174.0,1.0
4,19.5,173.0,6.0,174.0,1.0
0,10.6,71.0,1.0,145.0,74.0
3,12.5,82.0,2.0,145.0,63.0
6,15.2,98.0,3.0,145.0,47.0
2,16.3,107.0,4.0,145.0,38.0
1,16.4,107.0,5.0,145.0,38.0
4,18.2,118.0,6.0,145.0,27.0
5,18.4,119.0,7.0,145.0,26.0
2,2.2,11.0,1.0,147.0,136.0
1,3.3,15.0,2.0,147.0,132.0
0,10.1,57.0,3.0,147.0,90.0
6,18.4,133.0,4.0,147.0,14.0
5,18.5,134.0,5.0,147.0,13.0
7,18.6,134.0,6.0,147.0,13.0
3,19.4,146.0,7.0,147.0,1.0
4,19.6,147.0,8.0,147.0,0.0
1,6.4,65.0,1.0,192.0,127.0
0,6.6,65.0,2.0,192.0,127.0
3,8.5,76.0,3.0,192.0,116.0
5,13.4,128.0,4.0,192.0,64.0
8,15.6,155.0,5.0,192.0,37.0
7,17.4,171.0,6.0,192.0,21.0
6,17.6,172.0,7.0,192.0,20.0
4,19.3,190.0,8.0,192.0,2.0
2,19.4,191.0,9.0,192.0,1.0
4,1.3,8.0,1.0,112.0,104.0
0,2.2,11.0,2.0,112.0,101.0
6,4.4,28.0,3.0,112.0,84.0
7,5.5,34.0,4.0,112.0,78.0
1,8.2,40.0,5.0,112.0,72.0
2,9.5,45.0,6.0,112.0,67.0
5,13.4,63.0,7.0,112.0,49.0
3,18.6,98.0,8.0,112.0,14.0
4,5.2,39.0,1.0,163.0,124.0
3,8.6,64.0,2.0,163.0,99.0
0,12.4,95.0,3.0,163.0,68.0
1,16.2,128.0,4.0,163.0,35.0
2,19.1,148.0,5.0,163.0,15.0
5,5.5,39.0,1.0,165.0,126.0
6,11.5,82.0,2.0,165.0,83.0
4,13.3,95.0,3.0,165.0,70.0
0,14.3,102.0,4.0,165.0,63.0
2,18.1,148.0,5.0,165.0,17.0
3,18.6,157.0,6.0,165.0,8.0
1,19.5,161.0,7.0,165.0,4.0
4,0.2,0.0,1.0,133.0,133.0
3,0.3,0.0,2.0,133.0,133.0
5,4.5,17.0,3.0,133.0,116.0
1,8.5,52.0,4.0,133.0,81.0
6,11.5,63.0,5.0,133.0,70.0
7,15.4,88.0,6.0,133.0,45.0
2,19.3,119.0,7.0,133.0,14.0
0,19.5,125.0,8.0,133.0,8.0
5,5.7,67.0,1.0,104.0,37.0
0,6.1,67.0,2.0,104.0,37.0
4,8.4,77.0,3.0,104.0,27.0
6,10.3,98.0,4.0,104.0,6.0
2,10.5,98.0,5.0,104.0,6.0
3,10.6,98.0,6.0,104.0,6.0
1,11.6,104.0,7.0,104.0,0.0
7,1.1,1.0,1.0,101.0,100.0
3,3.4,12.0,2.0,101.0,89.0
8,5.2,16.0,3.0,101.0,85.0
0,10.4,34.0,4.0,101.0,67.0
2,12.2,48.0,5.0,101.0,53.0
9,15.3,72.0,6.0,101.0,29.0
5,15.5,73.0,7.0,101.0,28.0
1,16.3,81.0,8.0,101.0,20.0
6,19.2,99.0,9.0,101.0,2.0
4,19.4,101.0,10.0,101.0,0.0
0,10.1,106.0,1.0,179.0,73.0
1,10.2,106.0,2.0,179.0,73.0
4,15.6,144.0,3.0,179.0,35.0
3,18.6,165.0,4.0,179.0,14.0
2,19.7,179.0,5.0,179.0,0.0
3,2.2,9.0,1.0,158.0,149.0
2,6.2,47.0,2.0,158.0,111.0
1,6.4,48.0,3.0,158.0,110.0
0,14.1,104.0,4.0,158.0,54.0
5,15.4,122.0,5.0,158.0,36.0
4,17.2,131.0,6.0,158.0,27.0
1,3.5,46.0,1.0,184.0,138.0
0,7.1,66.0,2.0,184.0,118.0
4,13.1,127.0,3.0,184.0,57.0
5,15.3,147.0,4.0,184.0,37.0
2,18.2,172.0,5.0,184.0,12.0
3,18.6,174.0,6.0,184.0,10.0
3,0.1,0.0,1.0,189.0,189.0
2,1.6,8.0,2.0,189.0,181.0
1,8.3,76.0,3.0,189.0,113.0
4,13.7,114.0,4.0,189.0,75.0
0,19.5,188.0,5.0,189.0,1.0
4,1.6,8.0,1.0,150.0,142.0
1,2.2,14.0,2.0,150.0,136.0
2,8.1,70.0,3.0,150.0,80.0
3,8.6,73.0,4.0,150.0,77.0
0,16.2,112.0,5.0,150.0,38.0
5,17.8,125.0,6.0,150.0,25.0
5,1.1,6.0,1.0,168.0,162.0
6,5.2,48.0,2.0,168.0,120.0
8,5.4,48.0,3.0,168.0,120.0
0,10.3,73.0,4.0,168.0,95.0
1,16.4,134.0,5.0,168.0,34.0
7,17.4,142.0,6.0,168.0,26.0
4,18.5,159.0,7.0,168.0,9.0
2,19.1,162.0,8.0,168.0,6.0
3,19.2,162.0,9.0,168.0,6.0
3,6.5,63.0,1.0,168.0,105.0
0,12.6,124.0,2.0,168.0,44.0
1,14.4,136.0,3.0,168.0,32.0
2,14.6,137.0,4.0,168.0,31.0
8,15.4,141.0,5.0,168.0,27.0
7,17.4,156.0,6.0,168.0,12.0
6,18.4,161.0,7.0,168.0,7.0
5,19.2,163.0,8.0,168.0,5.0
4,19.6,168.0,9.0,168.0,0.0
6,0.1,0.0,1.0,149.0,149.0
5,1.2,10.0,2.0,149.0,139.0
3,9.3,72.0,3.0,149.0,77.0
0,10.6,78.0,4.0,149.0,71.0
4,18.6,139.0,5.0,149.0,10.0
1,19.1,139.0,6.0,149.0,10.0
2,19.3,145.0,7.0,149.0,4.0
4,0.1,0.0,1.0,139.0,139.0
5,4.1,21.0,2.0,139.0,118.0
0,6.1,38.0,3.0,139.0,101.0
1,8.2,48.0,4.0,139.0,91.0
2,18.1,123.0,5.0,139.0,16.0
3,18.6,130.0,6.0,139.0,9.0
5,0.2,0.0,1.0,165.0,165.0
3,6.5,64.0,2.0,165.0,101.0
2,12.3,102.0,3.0,165.0,63.0
0,12.6,103.0,4.0,165.0,62.0
1,16.5,129.0,5.0,165.0,36.0
4,19.6,165.0,6.0,165.0,0.0
2,12.2,127.0,1.0,187.0,60.0
4,13.5,146.0,2.0,187.0,41.0
1,14.4,148.0,3.0,187.0,39.0
5,15.1,151.0,4.0,187.0,36.0
0,16.6,162.0,5.0,187.0,25.0
3,18.5,175.0,6.0,187.0,12.0
1,2.3,20.0,1.0,143.0,123.0
2,2.6,25.0,2.0,143.0,118.0
5,5.5,38.0,3.0,143.0,105.0
0,7.2,49.0,4.0,143.0,94.0
6,15.2,105.0,5.0,143.0,38.0
4,18.3,135.0,6.0,143.0,8.0
3,19.5,142.0,7.0,143.0,1.0
2,0.1,0.0,1.0,139.0,139.0
3,5.5,45.0,2.0,139.0,94.0
1,8.3,54.0,3.0,139.0,85.0
4,11.2,70.0,4.0,139.0,69.0
0,16.3,110.0,5.0,139.0,29.0
5,17.4,118.0,6.0,139.0,21.0
4,3.5,18.0,1.0,119.0,101.0
7,4.3,18.0,2.0,119.0,101.0
6,8.3,41.0,3.0,119.0,78.0
0,10.3,52.0,4.0,119.0,67.0
3,14.4,84.0,5.0,119.0,35.0
2,16.2,97.0,6.0,119.0,22.0
1,16.4,97.0,7.0,119.0,22.0
5,19.6,119.0,8.0,119.0,0.0
7,0.5,8.0,1.0,148.0,140.0
1,2.3,19.0,2.0,148.0,129.0
4,8.6,52.0,3.0,148.0,96.0
5,9.2,53.0,4.0,148.0,95.0
0,14.5,118.0,5.0,148.0,30.0
8,17.6,139.0,6.0,148.0,9.0
6,18.3,139.0,7.0,148.0,9.0
2,19.5,147.0,8.0,148.0,1.0
3,19.6,148.0,9.0,148.0,0.0
3,1.1,4.0,1.0,164.0,160.0
0,3.3,17.0,2.0,164.0,147.0
4,11.1,84.0,3.0,164.0,80.0
1,12.5,88.0,4.0,164.0,76.0
2,19.4,159.0,5.0,164.0,5.0
1,3.2,19.0,1.0,148.0,129.0
3,5.5,40.0,2.0,148.0,108.0
0,7.6,54.0,3.0,148.0,94.0
4,11.4,71.0,4.0,148.0,77.0
5,15.6,96.0,5.0,148.0,52.0
2,18.6,131.0,6.0,148.0,17.0
3,0.5,2.0,1.0,145.0,143.0
5,4.4,27.0,2.0,145.0,118.0
0,6.1,38.0,3.0,145.0,107.0
6,11.6,80.0,4.0,145.0,65.0
7,11.7,80.0,5.0,145.0,65.0
4,13.1,84.0,6.0,145.0,61.0
8,17.4,128.0,7.0,145.0,17.0
2,18.1,133.0,8.0,145.0,12.0
1,19.2,136.0,9.0,145.0,9.0
3,4.1,34.0,1.0,141.0,107.0
4,5.1,35.0,2.0,141.0,106.0
1,9.5,58.0,3.0,141.0,83.0
0,16.5,117.0,4.0,141.0,24.0
2,19.2,135.0,5.0,141.0,6.0
5,4.5,36.0,1.0,163.0,127.0
8,5.4,46.0,2.0,163.0,117.0
1,12.3,112.0,3.0,163.0,51.0
0,14.5,130.0,4.0,163.0,33.0
9,15.2,134.0,5.0,163.0,29.0
6,17.2,144.0,6.0,163.0,19.0
7,17.3,144.0,7.0,163.0,19.0
4,18.4,151.0,8.0,163.0,12.0
2,19.4,162.0,9.0,163.0,1.0
3,19.6,163.0,10.0,163.0,0.0
1,4.4,23.0,1.0,153.0,130.0
0,10.3,54.0,2.0,153.0,99.0
2,15.7,105.0,3.0,153.0,48.0
2,3.3,21.0,1.0,149.0,128.0
1,3.4,21.0,2.0,149.0,128.0
3,5.2,23.0,3.0,149.0,126.0
0,14.1,83.0,4.0,149.0,66.0
1,6.5,61.0,1.0,178.0,117.0
0,12.1,99.0,2.0,178.0,79.0
2,17.6,153.0,3.0,178.0,25.0
2,14.5,135.0,1.0,211.0,76.0
1,16.2,153.0,2.0,211.0,58.0
0,16.6,164.0,3.0,211.0,47.0
3,19.2,203.0,4.0,211.0,8.0
0,6.6,58.0,1.0,154.0,96.0
1,12.7,98.0,2.0,154.0,56.0
2,19.2,147.0,3.0,154.0,7.0
3,1.5,8.0,1.0,145.0,137.0
5,5.3,37.0,2.0,145.0,108.0
2,9.4,62.0,3.0,145.0,83.0
0,12.6,85.0,4.0,145.0,60.0
4,17.1,118.0,5.0,145.0,27.0
1,19.1,137.0,6.0,145.0,8.0
3,2.2,10.0,1.0,105.0,95.0
7,4.4,22.0,2.0,105.0,83.0
9,5.6,29.0,3.0,105.0,76.0
5,8.1,40.0,4.0,105.0,65.0
0,10.5,52.0,5.0,105.0,53.0
2,14.1,72.0,6.0,105.0,33.0
1,16.4,85.0,7.0,105.0,20.0
8,17.2,92.0,8.0,105.0,13.0
6,19.2,103.0,9.0,105.0,2.0
4,19.6,105.0,10.0,105.0,0.0
2,0.1,0.0,1.0,185.0,185.0
1,9.1,76.0,2.0,185.0,109.0
0,16.6,176.0,3.0,185.0,9.0
6,0.3,1.0,1.0,116.0,115.0
7,0.7,1.0,2.0,116.0,115.0
8,5.6,30.0,3.0,116.0,86.0
1,7.4,33.0,4.0,116.0,83.0
9,15.7,90.0,5.0,116.0,26.0
0,16.1,90.0,6.0,116.0,26.0
5,18.6,113.0,7.0,116.0,3.0
4,19.1,114.0,8.0,116.0,2.0
2,19.4,115.0,9.0,116.0,1.0
3,19.6,116.0,10.0,116.0,0.0
2,3.4,31.0,1.0,168.0,137.0
0,6.3,54.0,2.0,168.0,114.0
3,9.2,70.0,3.0,168.0,98.0
1,10.4,73.0,4.0,168.0,95.0
4,19.7,168.0,5.0,168.0,0.0
5,0.3,1.0,1.0,140.0,139.0
3,8.5,54.0,2.0,140.0,86.0
2,12.2,75.0,3.0,140.0,65.0
1,14.1,92.0,4.0,140.0,48.0
4,15.5,100.0,5.0,140.0,40.0
0,16.4,104.0,6.0,140.0,36.0
6,17.2,111.0,7.0,140.0,29.0
1,1.3,5.0,1.0,157.0,152.0
0,7.6,53.0,2.0,157.0,104.0
5,0.4,7.0,1.0,123.0,116.0
6,0.7,7.0,2.0,123.0,116.0
4,1.6,9.0,3.0,123.0,114.0
3,7.3,45.0,4.0,123.0,78.0
1,7.6,46.0,5.0,123.0,77.0
7,11.2,56.0,6.0,123.0,67.0
0,16.1,88.0,7.0,123.0,35.0
2,19.6,123.0,8.0,123.0,0.0
1,3.3,21.0,1.0,166.0,145.0
5,5.5,42.0,2.0,166.0,124.0
3,9.3,70.0,3.0,166.0,96.0
6,11.3,83.0,4.0,166.0,83.0
0,16.2,120.0,5.0,166.0,46.0
4,18.4,155.0,6.0,166.0,11.0
2,19.5,164.0,7.0,166.0,2.0
0,2.3,13.0,1.0,173.0,160.0
2,4.2,21.0,2.0,173.0,152.0
1,13.2,91.0,3.0,173.0,82.0
3,17.3,134.0,4.0,173.0,39.0
3,1.2,5.0,1.0,119.0,114.0
1,3.2,22.0,2.0,119.0,97.0
8,5.3,50.0,3.0,119.0,69.0
2,9.1,67.0,4.0,119.0,52.0
5,11.1,79.0,5.0,119.0,40.0
4,11.4,79.0,6.0,119.0,40.0
0,14.3,89.0,7.0,119.0,30.0
6,17.3,106.0,8.0,119.0,13.0
7,17.6,112.0,9.0,119.0,7.0
4,1.3,7.0,1.0,173.0,166.0
1,6.2,57.0,2.0,173.0,116.0
3,9.6,80.0,3.0,173.0,93.0
5,13.6,103.0,4.0,173.0,70.0
0,16.6,130.0,5.0,173.0,43.0
6,17.2,131.0,6.0,173.0,42.0
2,19.1,150.0,7.0,173.0,23.0
2,3.3,32.0,1.0,129.0,97.0
9,5.4,48.0,2.0,129.0,81.0
0,12.1,93.0,3.0,129.0,36.0
7,13.2,101.0,4.0,129.0,28.0
1,16.1,107.0,5.0,129.0,22.0
8,17.4,118.0,6.0,129.0,11.0
6,18.2,118.0,7.0,129.0,11.0
5,18.3,118.0,8.0,129.0,11.0
4,19.3,128.0,9.0,129.0,1.0
3,19.4,129.0,10.0,129.0,0.0
0,6.3,43.0,1.0,145.0,102.0
4,9.5,65.0,2.0,145.0,80.0
5,15.5,126.0,3.0,145.0,19.0
6,18.5,141.0,4.0,145.0,4.0
3,19.1,142.0,5.0,145.0,3.0
1,19.4,144.0,6.0,145.0,1.0
2,19.6,145.0,7.0,145.0,0.0
3,2.6,19.0,1.0,120.0,101.0
2,3.3,20.0,2.0,120.0,100.0
0,7.2,46.0,3.0,120.0,74.0
5,9.1,51.0,4.0,120.0,69.0
8,15.4,101.0,5.0,120.0,19.0
1,16.6,104.0,6.0,120.0,16.0
7,17.6,111.0,7.0,120.0,9.0
6,18.1,111.0,8.0,120.0,9.0
4,19.3,116.0,9.0,120.0,4.0
1,2.1,7.0,1.0,147.0,140.0
4,5.6,49.0,2.0,147.0,98.0
0,10.5,74.0,3.0,147.0,73.0
3,19.3,139.0,4.0,147.0,8.0
2,19.6,147.0,5.0,147.0,0.0
3,4.3,27.0,1.0,160.0,133.0
0,14.5,85.0,2.0,160.0,75.0
4,17.5,117.0,3.0,160.0,43.0
2,19.2,152.0,4.0,160.0,8.0
1,19.4,158.0,5.0,160.0,2.0
4,1.7,12.0,1.0,134.0,122.0
1,2.6,15.0,2.0,134.0,119.0
5,4.2,26.0,3.0,134.0,108.0
2,8.5,52.0,4.0,134.0,82.0
0,16.1,105.0,5.0,134.0,29.0
6,17.6,122.0,6.0,134.0,12.0
3,19.3,131.0,7.0,134.0,3.0
1,2.1,12.0,1.0,150.0,138.0
2,2.5,15.0,2.0,150.0,135.0
0,16.4,102.0,3.0,150.0,48.0
1,6.2,59.0,1.0,188.0,129.0
2,9.1,78.0,2.0,188.0,110.0
0,16.6,152.0,3.0,188.0,36.0
2,0.3,1.0,1.0,134.0,133.0
3,0.5,1.0,2.0,134.0,133.0
6,5.6,37.0,3.0,134.0,97.0
0,10.3,65.0,4.0,134.0,69.0
4,11.3,70.0,5.0,134.0,64.0
1,16.7,109.0,6.0,134.0,25.0
5,17.5,114.0,7.0,134.0,20.0
5,1.1,22.0,1.0,101.0,79.0
2,2.6,28.0,2.0,101.0,73.0
1,3.3,28.0,3.0,101.0,73.0
8,5.3,42.0,4.0,101.0,59.0
4,9.2,59.0,5.0,101.0,42.0
0,10.5,62.0,6.0,101.0,39.0
6,11.2,62.0,7.0,101.0,39.0
7,17.2,92.0,8.0,101.0,9.0
3,19.3,99.0,9.0,101.0,2.0
6,4.5,40.0,1.0,116.0,76.0
1,6.5,54.0,2.0,116.0,62.0
4,9.3,68.0,3.0,116.0,48.0
3,9.5,70.0,4.0,116.0,46.0
5,13.3,87.0,5.0,116.0,29.0
0,14.4,96.0,6.0,116.0,20.0
8,17.5,105.0,7.0,116.0,11.0
7,17.7,109.0,8.0,116.0,7.0
2,19.4,114.0,9.0,116.0,2.0
5,0.3,2.0,1.0,165.0,163.0
1,2.3,21.0,2.0,165.0,144.0
7,4.4,28.0,3.0,165.0,137.0
6,13.3,101.0,4.0,165.0,64.0
0,14.2,106.0,5.0,165.0,59.0
4,18.3,149.0,6.0,165.0,16.0
3,19.1,155.0,7.0,165.0,10.0
2,19.5,159.0,8.0,165.0,6.0
3,1.6,7.0,1.0,170.0,163.0
2,9.2,62.0,2.0,170.0,108.0
1,14.2,107.0,3.0,170.0,63.0
0,16.6,134.0,4.0,170.0,36.0
5,0.5,0.0,1.0,153.0,153.0
6,0.6,0.0,2.0,153.0,153.0
0,10.4,85.0,3.0,153.0,68.0
7,17.1,133.0,4.0,153.0,20.0
3,18.7,145.0,5.0,153.0,8.0
1,19.4,151.0,6.0,153.0,2.0
2,19.6,153.0,7.0,153.0,0.0
4,19.7,153.0,8.0,153.0,0.0
0,6.6,61.0,1.0,146.0,85.0
2,8.4,69.0,2.0,146.0,77.0
1,14.1,104.0,3.0,146.0,42.0
4,17.2,125.0,4.0,146.0,21.0
3,19.2,140.0,5.0,146.0,6.0
5,0.3,0.0,1.0,143.0,143.0
2,3.3,18.0,2.0,143.0,125.0
4,8.5,58.0,3.0,143.0,85.0
1,16.2,110.0,4.0,143.0,33.0
0,16.6,115.0,5.0,143.0,28.0
3,19.1,134.0,6.0,143.0,9.0
0,0.1,0.0,1.0,161.0,161.0
1,0.4,0.0,2.0,161.0,161.0
2,4.6,31.0,3.0,161.0,130.0
3,5.1,31.0,4.0,161.0,130.0
3,3.4,38.0,1.0,212.0,174.0
1,6.1,69.0,2.0,212.0,143.0
0,6.3,70.0,3.0,212.0,142.0
2,16.7,180.0,4.0,212.0,32.0
6,17.7,191.0,5.0,212.0,21.0
5,18.2,192.0,6.0,212.0,20.0
4,19.5,211.0,7.0,212.0,1.0
4,1.2,5.0,1.0,142.0,137.0
6,5.1,39.0,2.0,142.0,103.0
8,5.7,44.0,3.0,142.0,98.0
0,6.1,44.0,4.0,142.0,98.0
5,13.2,104.0,5.0,142.0,38.0
2,14.5,113.0,6.0,142.0,29.0
7,15.2,113.0,7.0,142.0,29.0
1,16.3,116.0,8.0,142.0,26.0
3,18.6,132.0,9.0,142.0,10.0
2,2.6,15.0,1.0,135.0,120.0
3,4.3,17.0,2.0,135.0,118.0
6,5.4,20.0,3.0,135.0,115.0
0,7.2,35.0,4.0,135.0,100.0
1,12.1,73.0,5.0,135.0,62.0
4,17.3,110.0,6.0,135.0,25.0
5,17.6,112.0,7.0,135.0,23.0
2,4.6,55.0,1.0,190.0,135.0
1,4.7,55.0,2.0,190.0,135.0
3,17.2,150.0,3.0,190.0,40.0
0,18.1,160.0,4.0,190.0,30.0
2,1.2,14.0,1.0,141.0,127.0
3,4.5,45.0,2.0,141.0,96.0
4,5.5,46.0,3.0,141.0,95.0
1,8.1,50.0,4.0,141.0,91.0
0,16.2,110.0,5.0,141.0,31.0
5,17.1,115.0,6.0,141.0,26.0
0,14.1,129.0,1.0,203.0,74.0
2,15.5,141.0,2.0,203.0,62.0
1,19.3,194.0,3.0,203.0,9.0
0,3.1,16.0,1.0,164.0,148.0
1,8.4,53.0,2.0,164.0,111.0
2,9.1,55.0,3.0,164.0,109.0
2,3.4,38.0,1.0,218.0,180.0
0,6.3,74.0,2.0,218.0,144.0
1,10.5,122.0,3.0,218.0,96.0
6,17.4,193.0,4.0,218.0,25.0
5,18.6,205.0,5.0,218.0,13.0
4,19.3,214.0,6.0,218.0,4.0
3,19.6,218.0,7.0,218.0,0.0
9,5.1,27.0,1.0,92.0,65.0
4,6.2,31.0,2.0,92.0,61.0
5,7.5,38.0,3.0,92.0,54.0
3,14.1,75.0,4.0,92.0,17.0
2,16.3,85.0,5.0,92.0,7.0
1,16.4,85.0,6.0,92.0,7.0
0,16.5,85.0,7.0,92.0,7.0
8,19.1,91.0,8.0,92.0,1.0
6,19.4,92.0,9.0,92.0,0.0
7,19.5,92.0,10.0,92.0,0.0
2,3.3,35.0,1.0,185.0,150.0
5,11.2,102.0,2.0,185.0,83.0
4,11.4,103.0,3.0,185.0,82.0
1,12.3,107.0,4.0,185.0,78.0
0,16.2,146.0,5.0,185.0,39.0
3,19.2,177.0,6.0,185.0,8.0
4,2.6,43.0,1.0,170.0,127.0
3,3.3,45.0,2.0,170.0,125.0
0,10.2,100.0,3.0,170.0,70.0
1,10.5,102.0,4.0,170.0,68.0
7,11.4,112.0,5.0,170.0,58.0
2,16.4,142.0,6.0,170.0,28.0
6,18.5,161.0,7.0,170.0,9.0
5,19.2,163.0,8.0,170.0,7.0
3,0.1,0.0,1.0,168.0,168.0
4,4.6,42.0,2.0,168.0,126.0
1,8.2,72.0,3.0,168.0,96.0
0,12.6,105.0,4.0,168.0,63.0
6,17.1,142.0,5.0,168.0,26.0
5,17.3,143.0,6.0,168.0,25.0
2,18.2,146.0,7.0,168.0,22.0
5,1.4,6.0,1.0,151.0,145.0
6,4.3,36.0,2.0,151.0,115.0
4,9.3,71.0,3.0,151.0,80.0
0,10.1,74.0,4.0,151.0,77.0
1,10.3,75.0,5.0,151.0,76.0
2,10.6,76.0,6.0,151.0,75.0
7,17.1,123.0,7.0,151.0,28.0
8,17.5,125.0,8.0,151.0,26.0
3,19.1,135.0,9.0,151.0,16.0
3,0.5,3.0,1.0,171.0,168.0
5,4.5,44.0,2.0,171.0,127.0
1,9.2,72.0,3.0,171.0,99.0
4,13.2,103.0,4.0,171.0,68.0
2,18.4,163.0,5.0,171.0,8.0
0,19.3,168.0,6.0,171.0,3.0
2,2.5,18.0,1.0,136.0,118.0
3,8.2,54.0,2.0,136.0,82.0
4,9.5,58.0,3.0,136.0,78.0
0,10.6,64.0,4.0,136.0,72.0
1,16.2,109.0,5.0,136.0,27.0
6,18.5,124.0,6.0,136.0,12.0
7,18.6,124.0,7.0,136.0,12.0
5,19.2,125.0,8.0,136.0,11.0
0,10.6,70.0,1.0,155.0,85.0
2,19.2,152.0,2.0,155.0,3.0
1,19.6,155.0,3.0,155.0,0.0
3,4.5,28.0,1.0,171.0,143.0
0,7.7,59.0,2.0,171.0,112.0
2,9.4,63.0,3.0,171.0,108.0
4,15.4,110.0,4.0,171.0,61.0
1,16.5,119.0,5.0,171.0,52.0
2,3.4,35.0,1.0,183.0,148.0
0,7.2,60.0,2.0,183.0,123.0
1,12.7,111.0,3.0,183.0,72.0
4,19.1,171.0,4.0,183.0,12.0
3,19.5,179.0,5.0,183.0,4.0
0,3.3,32.0,1.0,180.0,148.0
1,4.6,38.0,2.0,180.0,142.0
5,0.4,2.0,1.0,148.0,146.0
7,4.4,40.0,2.0,148.0,108.0
1,6.4,58.0,3.0,148.0,90.0
3,8.1,71.0,4.0,148.0,77.0
0,12.3,99.0,5.0,148.0,49.0
6,13.3,103.0,6.0,148.0,45.0
8,17.7,128.0,7.0,148.0,20.0
4,18.5,138.0,8.0,148.0,10.0
2,19.4,147.0,9.0,148.0,1.0
1,2.6,28.0,1.0,183.0,155.0
3,4.7,45.0,2.0,183.0,138.0
0,14.3,124.0,3.0,183.0,59.0
4,15.6,130.0,4.0,183.0,53.0
2,19.2,163.0,5.0,183.0,20.0
1,3.3,44.0,1.0,183.0,139.0
3,5.1,58.0,2.0,183.0,125.0
2,11.4,101.0,3.0,183.0,82.0
0,16.1,134.0,4.0,183.0,49.0
2,3.6,47.0,1.0,177.0,130.0
1,10.6,100.0,2.0,177.0,77.0
0,12.4,117.0,3.0,177.0,60.0
7,17.3,155.0,4.0,177.0,22.0
6,18.2,162.0,5.0,177.0,15.0
5,19.2,174.0,6.0,177.0,3.0
4,19.3,174.0,7.0,177.0,3.0
3,19.4,175.0,8.0,177.0,2.0
5,3.3,24.0,1.0,172.0,148.0
3,7.3,64.0,2.0,172.0,108.0
4,7.6,68.0,3.0,172.0,104.0
1,10.4,84.0,4.0,172.0,88.0
0,12.1,92.0,5.0,172.0,80.0
6,13.1,93.0,6.0,172.0,79.0
2,16.4,119.0,7.0,172.0,53.0
3,0.6,9.0,1.0,177.0,168.0
2,1.7,21.0,2.0,177.0,156.0
0,2.8,38.0,3.0,177.0,139.0
1,19.2,166.0,4.0,177.0,11.0
5,1.2,5.0,1.0,163.0,158.0
6,4.4,40.0,2.0,163.0,123.0
0,10.4,89.0,3.0,163.0,74.0
7,11.2,92.0,4.0,163.0,71.0
2,15.5,124.0,5.0,163.0,39.0
9,15.6,124.0,6.0,163.0,39.0
1,16.5,129.0,7.0,163.0,34.0
8,17.2,133.0,8.0,163.0,30.0
3,18.6,150.0,9.0,163.0,13.0
4,19.7,163.0,10.0,163.0,0.0
1,2.3,12.0,1.0,161.0,149.0
0,6.3,54.0,2.0,161.0,107.0
2,15.1,117.0,3.0,161.0,44.0
3,15.3,117.0,4.0,161.0,44.0
2,3.1,24.0,1.0,188.0,164.0
1,3.3,25.0,2.0,188.0,163.0
5,5.4,50.0,3.0,188.0,138.0
4,8.3,67.0,4.0,188.0,121.0
0,16.5,146.0,5.0,188.0,42.0
3,19.6,188.0,6.0,188.0,0.0
1,2.2,15.0,1.0,181.0,166.0
5,5.6,46.0,2.0,181.0,135.0
2,8.3,68.0,3.0,181.0,113.0
0,16.8,146.0,4.0,181.0,35.0
3,18.1,159.0,5.0,181.0,22.0
4,18.3,163.0,6.0,181.0,18.0
2,1.4,3.0,1.0,181.0,178.0
1,8.6,66.0,2.0,181.0,115.0
3,11.1,84.0,3.0,181.0,97.0
4,17.4,149.0,4.0,181.0,32.0
0,19.6,180.0,5.0,181.0,1.0
4,5.5,62.0,1.0,246.0,184.0
2,8.2,83.0,2.0,246.0,163.0
3,19.2,235.0,3.0,246.0,11.0
0,19.4,241.0,4.0,246.0,5.0
1,19.5,241.0,5.0,246.0,5.0
1,6.1,53.0,1.0,178.0,125.0
0,7.2,55.0,2.0,178.0,123.0
4,8.6,62.0,3.0,178.0,116.0
2,16.4,127.0,4.0,178.0,51.0
3,19.6,178.0,5.0,178.0,0.0
0,7.2,56.0,1.0,200.0,144.0
2,15.4,157.0,2.0,200.0,43.0
1,18.4,182.0,3.0,200.0,18.0
3,4.2,41.0,1.0,184.0,143.0
4,5.4,52.0,2.0,184.0,132.0
2,9.4,83.0,3.0,184.0,101.0
0,10.3,90.0,4.0,184.0,94.0
1,14.3,124.0,5.0,184.0,60.0
3,2.1,16.0,1.0,159.0,143.0
4,2.4,17.0,2.0,159.0,142.0
1,10.6,94.0,3.0,159.0,65.0
0,12.4,103.0,4.0,159.0,56.0
8,15.3,130.0,5.0,159.0,29.0
9,15.6,130.0,6.0,159.0,29.0
2,16.4,136.0,7.0,159.0,23.0
7,17.4,140.0,8.0,159.0,19.0
6,18.3,145.0,9.0,159.0,14.0
5,19.5,159.0,10.0,159.0,0.0
0,3.7,27.0,1.0,165.0,138.0
1,8.6,69.0,2.0,165.0,96.0
3,13.5,119.0,3.0,165.0,46.0
2,13.6,119.0,4.0,165.0,46.0
1,3.3,29.0,1.0,153.0,124.0
0,6.1,52.0,2.0,153.0,101.0
4,11.3,108.0,3.0,153.0,45.0
3,11.5,109.0,4.0,153.0,44.0
5,15.2,128.0,5.0,153.0,25.0
2,19.2,149.0,6.0,153.0,4.0
0,10.2,94.0,1.0,181.0,87.0
2,11.5,104.0,2.0,181.0,77.0
1,13.1,111.0,3.0,181.0,70.0
1,2.3,18.0,1.0,184.0,166.0
3,8.4,60.0,2.0,184.0,124.0
4,9.4,63.0,3.0,184.0,121.0
0,10.1,68.0,4.0,184.0,116.0
5,18.5,163.0,5.0,184.0,21.0
2,19.4,172.0,6.0,184.0,12.0
5,1.1,7.0,1.0,154.0,147.0
8,5.6,51.0,2.0,154.0,103.0
3,7.3,59.0,3.0,154.0,95.0
2,9.4,70.0,4.0,154.0,84.0
6,13.4,96.0,5.0,154.0,58.0
7,17.5,134.0,6.0,154.0,20.0
1,19.3,152.0,7.0,154.0,2.0
0,19.6,154.0,8.0,154.0,0.0
4,19.7,154.0,9.0,154.0,0.0
5,4.4,41.0,1.0,138.0,97.0
2,7.5,65.0,2.0,138.0,73.0
6,11.4,82.0,3.0,138.0,56.0
1,14.5,110.0,4.0,138.0,28.0
0,16.6,121.0,5.0,138.0,17.0
7,17.2,122.0,6.0,138.0,16.0
3,19.1,132.0,7.0,138.0,6.0
4,19.3,134.0,8.0,138.0,4.0
6,5.2,52.0,1.0,160.0,108.0
7,11.5,103.0,2.0,160.0,57.0
1,12.2,103.0,3.0,160.0,57.0
5,13.1,105.0,4.0,160.0,55.0
0,16.3,134.0,5.0,160.0,26.0
8,17.3,137.0,6.0,160.0,23.0
4,18.6,155.0,7.0,160.0,5.0
2,19.1,155.0,8.0,160.0,5.0
3,19.3,155.0,9.0,160.0,5.0
6,1.1,4.0,1.0,111.0,107.0
1,3.5,39.0,2.0,111.0,72.0
8,4.1,41.0,3.0,111.0,70.0
4,7.3,55.0,4.0,111.0,56.0
3,9.6,63.0,5.0,111.0,48.0
7,13.2,76.0,6.0,111.0,35.0
0,14.6,81.0,7.0,111.0,30.0
9,15.2,82.0,8.0,111.0,29.0
5,18.3,105.0,9.0,111.0,6.0
2,19.5,111.0,10.0,111.0,0.0
3,1.3,12.0,1.0,174.0,162.0
2,1.6,12.0,2.0,174.0,162.0
1,3.5,30.0,3.0,174.0,144.0
0,12.3,93.0,4.0,174.0,81.0
4,17.7,143.0,5.0,174.0,31.0
4,0.4,1.0,1.0,151.0,150.0
3,0.5,1.0,2.0,151.0,150.0
1,2.3,14.0,3.0,151.0,137.0
0,12.3,96.0,4.0,151.0,55.0
5,17.3,131.0,5.0,151.0,20.0
2,18.1,133.0,6.0,151.0,18.0
3,5.3,41.0,1.0,183.0,142.0
1,9.3,65.0,2.0,183.0,118.0
2,13.5,104.0,3.0,183.0,79.0
0,16.7,133.0,4.0,183.0,50.0
2,2.2,17.0,1.0,139.0,122.0
3,2.6,17.0,2.0,139.0,122.0
1,3.2,17.0,3.0,139.0,122.0
7,4.1,19.0,4.0,139.0,120.0
0,14.4,92.0,5.0,139.0,47.0
5,15.5,96.0,6.0,139.0,43.0
6,18.2,123.0,7.0,139.0,16.0
4,19.4,133.0,8.0,139.0,6.0
2,2.2,16.0,1.0,130.0,114.0
3,2.4,17.0,2.0,130.0,113.0
1,3.2,21.0,3.0,130.0,109.0
0,10.1,53.0,4.0,130.0,77.0
5,11.4,58.0,5.0,130.0,72.0
4,13.1,72.0,6.0,130.0,58.0
8,1.3,9.0,1.0,112.0,103.0
3,2.2,13.0,2.0,112.0,99.0
2,3.4,23.0,3.0,112.0,89.0
5,8.1,52.0,4.0,112.0,60.0
7,9.1,53.0,5.0,112.0,59.0
6,9.6,55.0,6.0,112.0,57.0
1,14.1,72.0,7.0,112.0,40.0
0,16.1,77.0,8.0,112.0,35.0
4,19.6,112.0,9.0,112.0,0.0
1,0.5,1.0,1.0,174.0,173.0
2,11.2,87.0,2.0,174.0,87.0
0,19.5,173.0,3.0,174.0,1.0
3,5.6,34.0,1.0,191.0,157.0
1,12.5,103.0,2.0,191.0,88.0
2,15.1,138.0,3.0,191.0,53.0
0,16.1,142.0,4.0,191.0,49.0
5,7.3,59.0,1.0,132.0,73.0
3,8.4,69.0,2.0,132.0,63.0
0,10.2,74.0,3.0,132.0,58.0
7,13.3,98.0,4.0,132.0,34.0
1,14.2,101.0,5.0,132.0,31.0
6,15.5,103.0,6.0,132.0,29.0
8,17.4,115.0,7.0,132.0,17.0
4,19.3,126.0,8.0,132.0,6.0
2,19.5,130.0,9.0,132.0,2.0
1,2.6,34.0,1.0,192.0,158.0
0,10.5,90.0,2.0,192.0,102.0
2,11.6,93.0,3.0,192.0,99.0
3,1.4,11.0,1.0,145.0,134.0
4,4.1,32.0,2.0,145.0,113.0
1,6.4,47.0,3.0,145.0,98.0
2,8.6,66.0,4.0,145.0,79.0
0,14.3,116.0,5.0,145.0,29.0
6,15.6,121.0,6.0,145.0,24.0
5,17.6,128.0,7.0,145.0,17.0
4,0.5,2.0,1.0,133.0,131.0
0,2.5,14.0,2.0,133.0,119.0
1,12.5,77.0,3.0,133.0,56.0
5,13.1,77.0,4.0,133.0,56.0
7,15.4,89.0,5.0,133.0,44.0
6,17.6,111.0,6.0,133.0,22.0
3,19.1,126.0,7.0,133.0,7.0
2,19.6,133.0,8.0,133.0,0.0
3,1.6,11.0,1.0,184.0,173.0
0,3.4,29.0,2.0,184.0,155.0
1,8.2,68.0,3.0,184.0,116.0
2,9.3,77.0,4.0,184.0,107.0
4,17.4,144.0,5.0,184.0,40.0
4,1.7,12.0,1.0,142.0,130.0
1,3.1,25.0,2.0,142.0,117.0
6,4.5,29.0,3.0,142.0,113.0
5,13.2,81.0,4.0,142.0,61.0
0,14.5,96.0,5.0,142.0,46.0
3,18.2,117.0,6.0,142.0,25.0
2,19.4,137.0,7.0,142.0,5.0
7,0.4,4.0,1.0,82.0,78.0
6,1.1,4.0,2.0,82.0,78.0
2,3.2,15.0,3.0,82.0,67.0
0,6.1,27.0,4.0,82.0,55.0
3,8.2,35.0,5.0,82.0,47.0
9,15.1,78.0,6.0,82.0,4.0
1,16.3,82.0,7.0,82.0,0.0
8,17.6,82.0,8.0,82.0,0.0
4,18.1,82.0,9.0,82.0,0.0
5,18.3,82.0,10.0,82.0,0.0
0,7.2,44.0,1.0,168.0,124.0
1,8.4,47.0,2.0,168.0,121.0
3,11.2,67.0,3.0,168.0,101.0
4,17.1,139.0,4.0,168.0,29.0
2,19.3,157.0,5.0,168.0,11.0
2,0.6,5.0,1.0,153.0,148.0
0,10.3,80.0,2.0,153.0,73.0
3,17.2,129.0,3.0,153.0,24.0
1,19.2,138.0,4.0,153.0,15.0
5,4.5,40.0,1.0,137.0,97.0
7,5.3,40.0,2.0,137.0,97.0
1,7.5,53.0,3.0,137.0,84.0
2,10.1,69.0,4.0,137.0,68.0
0,12.6,77.0,5.0,137.0,60.0
6,17.3,114.0,6.0,137.0,23.0
3,19.1,130.0,7.0,137.0,7.0
4,19.3,134.0,8.0,137.0,3.0
0,8.6,80.0,1.0,161.0,81.0
2,11.3,93.0,2.0,161.0,68.0
4,15.1,124.0,3.0,161.0,37.0
3,17.6,147.0,4.0,161.0,14.0
1,18.4,152.0,5.0,161.0,9.0
5,1.2,11.0,1.0,95.0,84.0
4,1.4,11.0,2.0,95.0,84.0
6,4.4,27.0,3.0,95.0,68.0
0,6.6,40.0,4.0,95.0,55.0
3,14.2,82.0,5.0,95.0,13.0
2,14.3,82.0,6.0,95.0,13.0
8,15.2,88.0,7.0,95.0,7.0
9,15.4,88.0,8.0,95.0,7.0
1,16.4,90.0,9.0,95.0,5.0
7,17.4,95.0,10.0,95.0,0.0
5,0.4,2.0,1.0,112.0,110.0
4,1.3,5.0,2.0,112.0,107.0
1,2.4,9.0,3.0,112.0,103.0
0,3.3,9.0,4.0,112.0,103.0
7,5.6,36.0,5.0,112.0,76.0
3,8.3,45.0,6.0,112.0,67.0
6,17.1,80.0,7.0,112.0,32.0
2,19.1,102.0,8.0,112.0,10.0
3,8.2,51.0,1.0,163.0,112.0
1,12.3,90.0,2.0,163.0,73.0
0,16.5,133.0,3.0,163.0,30.0
2,19.6,163.0,4.0,163.0,0.0
3,0.3,5.0,1.0,151.0,146.0
4,4.5,29.0,2.0,151.0,122.0
0,7.1,36.0,3.0,151.0,115.0
1,7.3,36.0,4.0,151.0,115.0
5,17.4,119.0,5.0,151.0,32.0
2,18.7,139.0,6.0,151.0,12.0
1,0.1,0.0,1.0,140.0,140.0
2,4.4,19.0,2.0,140.0,121.0
0,16.5,110.0,3.0,140.0,30.0
3,17.3,112.0,4.0,140.0,28.0
2,0.1,0.0,1.0,188.0,188.0
3,0.2,0.0,2.0,188.0,188.0
0,14.5,124.0,3.0,188.0,64.0
1,19.6,188.0,4.0,188.0,0.0
5,0.1,0.0,1.0,148.0,148.0
2,2.2,11.0,2.0,148.0,137.0
3,2.5,13.0,3.0,148.0,135.0
6,4.5,24.0,4.0,148.0,124.0
7,15.2,112.0,5.0,148.0,36.0
1,16.1,113.0,6.0,148.0,35.0
0,16.6,117.0,7.0,148.0,31.0
4,19.6,147.0,8.0,148.0,1.0
1,2.5,20.0,1.0,175.0,155.0
3,8.6,70.0,2.0,175.0,105.0
0,14.4,113.0,3.0,175.0,62.0
4,19.2,168.0,4.0,175.0,7.0
2,19.6,175.0,5.0,175.0,0.0
1,4.3,26.0,1.0,159.0,133.0
3,11.3,78.0,2.0,159.0,81.0
2,11.5,79.0,3.0,159.0,80.0
0,16.4,124.0,4.0,159.0,35.0
1,8.2,61.0,1.0,182.0,121.0
0,19.4,177.0,2.0,182.0,5.0
0,6.3,51.0,1.0,183.0,132.0
1,10.5,96.0,2.0,183.0,87.0
2,16.3,147.0,3.0,183.0,36.0
4,19.1,176.0,4.0,183.0,7.0
3,19.6,183.0,5.0,183.0,0.0
4,1.6,13.0,1.0,165.0,152.0
0,10.6,88.0,2.0,165.0,77.0
5,11.5,91.0,3.0,165.0,74.0
1,14.5,112.0,4.0,165.0,53.0
6,17.1,129.0,5.0,165.0,36.0
7,17.4,137.0,6.0,165.0,28.0
3,18.6,156.0,7.0,165.0,9.0
2,18.7,156.0,8.0,165.0,9.0
0,3.6,28.0,1.0,187.0,159.0
1,8.3,82.0,2.0,187.0,105.0
2,9.6,98.0,3.0,187.0,89.0
3,13.3,117.0,4.0,187.0,70.0
4,17.2,146.0,5.0,187.0,41.0
5,3.4,24.0,1.0,81.0,57.0
8,4.4,28.0,2.0,81.0,53.0
3,6.5,38.0,3.0,81.0,43.0
4,7.6,43.0,4.0,81.0,38.0
0,10.7,67.0,5.0,81.0,14.0
7,13.1,78.0,6.0,81.0,3.0
6,13.6,79.0,7.0,81.0,2.0
1,14.4,80.0,8.0,81.0,1.0
2,14.5,80.0,9.0,81.0,1.0
9,15.2,81.0,10.0,81.0,0.0
1,2.3,11.0,1.0,131.0,120.0
0,7.2,48.0,2.0,131.0,83.0
2,13.2,96.0,3.0,131.0,35.0
3,15.1,109.0,4.0,131.0,22.0
2,1.3,14.0,1.0,168.0,154.0
3,11.6,106.0,2.0,168.0,62.0
0,14.4,129.0,3.0,168.0,39.0
1,18.4,156.0,4.0,168.0,12.0
4,3.3,16.0,1.0,118.0,102.0
3,3.5,17.0,2.0,118.0,101.0
7,4.2,17.0,3.0,118.0,101.0
6,4.4,17.0,4.0,118.0,101.0
5,8.3,52.0,5.0,118.0,66.0
0,12.7,87.0,6.0,118.0,31.0
2,14.2,98.0,7.0,118.0,20.0
9,15.6,111.0,8.0,118.0,7.0
1,16.4,118.0,9.0,118.0,0.0
8,17.2,118.0,10.0,118.0,0.0
0,6.6,49.0,1.0,132.0,83.0
2,7.6,51.0,2.0,132.0,81.0
3,9.5,55.0,3.0,132.0,77.0
6,11.5,65.0,4.0,132.0,67.0
1,14.6,100.0,5.0,132.0,32.0
4,15.5,105.0,6.0,132.0,27.0
5,18.4,127.0,7.0,132.0,5.0
5,4.2,67.0,1.0,195.0,128.0
3,9.4,105.0,2.0,195.0,90.0
6,15.7,175.0,3.0,195.0,20.0
0,16.5,178.0,4.0,195.0,17.0
4,18.1,183.0,5.0,195.0,12.0
2,19.1,190.0,6.0,195.0,5.0
1,19.6,195.0,7.0,195.0,0.0
1,2.1,9.0,1.0,164.0,155.0
0,3.4,13.0,2.0,164.0,151.0
3,11.1,74.0,3.0,164.0,90.0
2,19.2,161.0,4.0,164.0,3.0
3,4.5,44.0,1.0,171.0,127.0
2,13.2,102.0,2.0,171.0,69.0
4,17.2,139.0,3.0,171.0,32.0
0,19.5,169.0,4.0,171.0,2.0
1,19.7,171.0,5.0,171.0,0.0
3,11.4,146.0,1.0,231.0,85.0
2,13.6,164.0,2.0,231.0,67.0
1,15.5,179.0,3.0,231.0,52.0
0,16.6,184.0,4.0,231.0,47.0
3,5.1,47.0,1.0,172.0,125.0
0,8.2,70.0,2.0,172.0,102.0
1,8.4,70.0,3.0,172.0,102.0
2,9.1,70.0,4.0,172.0,102.0
3,3.3,26.0,1.0,109.0,83.0
6,4.1,28.0,2.0,109.0,81.0
2,7.4,42.0,3.0,109.0,67.0
8,15.3,90.0,4.0,109.0,19.0
9,15.4,90.0,5.0,109.0,19.0
1,16.1,90.0,6.0,109.0,19.0
0,16.6,92.0,7.0,109.0,17.0
7,17.5,98.0,8.0,109.0,11.0
4,19.5,108.0,9.0,109.0,1.0
5,19.6,109.0,10.0,109.0,0.0
3,9.2,64.0,1.0,142.0,78.0
2,9.6,66.0,2.0,142.0,76.0
0,16.4,118.0,3.0,142.0,24.0
4,17.2,122.0,4.0,142.0,20.0
5,17.5,123.0,5.0,142.0,19.0
1,19.6,142.0,6.0,142.0,0.0
4,4.2,33.0,1.0,160.0,127.0
0,6.2,43.0,2.0,160.0,117.0
2,9.4,68.0,3.0,160.0,92.0
5,15.1,115.0,4.0,160.0,45.0
3,18.2,142.0,5.0,160.0,18.0
1,19.1,151.0,6.0,160.0,9.0
2,3.1,22.0,1.0,141.0,119.0
1,3.3,22.0,2.0,141.0,119.0
5,5.2,28.0,3.0,141.0,113.0
0,7.2,41.0,4.0,141.0,100.0
4,13.2,83.0,5.0,141.0,58.0
3,18.2,123.0,6.0,141.0,18.0
5,0.7,3.0,1.0,129.0,126.0
2,2.2,6.0,2.0,129.0,123.0
6,5.2,20.0,3.0,129.0,109.0
1,16.5,110.0,4.0,129.0,19.0
0,16.6,110.0,5.0,129.0,19.0
4,19.3,127.0,6.0,129.0,2.0
3,19.4,127.0,7.0,129.0,2.0
5,4.3,29.0,1.0,148.0,119.0
0,6.1,42.0,2.0,148.0,106.0
6,11.5,82.0,3.0,148.0,66.0
1,14.5,105.0,4.0,148.0,43.0
2,14.6,105.0,5.0,148.0,43.0
4,18.6,140.0,6.0,148.0,8.0
3,19.5,145.0,7.0,148.0,3.0
0,3.1,22.0,1.0,94.0,72.0
4,4.2,28.0,2.0,94.0,66.0
1,8.4,46.0,3.0,94.0,48.0
2,9.6,50.0,4.0,94.0,44.0
7,15.3,68.0,5.0,94.0,26.0
6,17.1,81.0,6.0,94.0,13.0
5,17.3,82.0,7.0,94.0,12.0
3,18.1,83.0,8.0,94.0,11.0
1,6.4,57.0,1.0,181.0,124.0
3,8.6,74.0,2.0,181.0,107.0
0,16.4,140.0,3.0,181.0,41.0
4,18.3,169.0,4.0,181.0,12.0
2,19.4,179.0,5.0,181.0,2.0
5,1.1,4.0,1.0,157.0,153.0
4,1.4,4.0,2.0,157.0,153.0
1,6.2,35.0,3.0,157.0,122.0
0,14.4,91.0,4.0,157.0,66.0
6,17.5,132.0,5.0,157.0,25.0
3,18.4,145.0,6.0,157.0,12.0
2,19.6,157.0,7.0,157.0,0.0
4,4.3,32.0,1.0,119.0,87.0
5,5.6,40.0,2.0,119.0,79.0
0,7.5,44.0,3.0,119.0,75.0
3,9.2,53.0,4.0,119.0,66.0
1,14.6,86.0,5.0,119.0,33.0
2,19.4,117.0,6.0,119.0,2.0
1,2.6,24.0,1.0,143.0,119.0
4,8.2,70.0,2.0,143.0,73.0
0,12.1,91.0,3.0,143.0,52.0
2,12.5,93.0,4.0,143.0,50.0
6,18.1,121.0,5.0,143.0,22.0
5,19.2,134.0,6.0,143.0,9.0
3,19.4,135.0,7.0,143.0,8.0
1,3.4,18.0,1.0,165.0,147.0
0,12.3,78.0,2.0,165.0,87.0
4,17.5,136.0,3.0,165.0,29.0
3,19.1,157.0,4.0,165.0,8.0
2,19.4,162.0,5.0,165.0,3.0
2,2.3,14.0,1.0,159.0,145.0
1,14.3,109.0,2.0,159.0,50.0
0,16.2,129.0,3.0,159.0,30.0
4,17.6,144.0,4.0,159.0,15.0
3,19.5,158.0,5.0,159.0,1.0
2,2.3,21.0,1.0,140.0,119.0
5,5.6,42.0,2.0,140.0,98.0
0,6.3,43.0,3.0,140.0,97.0
1,14.6,97.0,4.0,140.0,43.0
4,17.1,116.0,5.0,140.0,24.0
3,18.6,135.0,6.0,140.0,5.0
2,5.5,36.0,1.0,169.0,133.0
0,10.7,79.0,2.0,169.0,90.0
3,11.4,84.0,3.0,169.0,85.0
1,19.4,164.0,4.0,169.0,5.0
0,10.1,86.0,1.0,147.0,61.0
2,12.2,92.0,2.0,147.0,55.0
1,14.3,109.0,3.0,147.0,38.0
5,15.4,117.0,4.0,147.0,30.0
3,18.3,139.0,5.0,147.0,8.0
4,18.4,139.0,6.0,147.0,8.0
3,2.3,18.0,1.0,160.0,142.0
5,8.2,58.0,2.0,160.0,102.0
0,10.6,69.0,3.0,160.0,91.0
2,14.2,96.0,4.0,160.0,64.0
1,16.3,114.0,5.0,160.0,46.0
6,17.5,124.0,6.0,160.0,36.0
4,19.6,160.0,7.0,160.0,0.0
2,1.5,6.0,1.0,156.0,150.0
3,5.2,30.0,2.0,156.0,126.0
4,11.5,81.0,3.0,156.0,75.0
0,14.4,96.0,4.0,156.0,60.0
1,18.7,134.0,5.0,156.0,22.0
0,2.5,19.0,1.0,175.0,156.0
1,8.5,58.0,2.0,175.0,117.0
3,11.7,87.0,3.0,175.0,88.0
4,17.3,158.0,4.0,175.0,17.0
2,18.2,161.0,5.0,175.0,14.0
3,4.5,43.0,1.0,205.0,162.0
0,14.4,154.0,2.0,205.0,51.0
1,14.6,155.0,3.0,205.0,50.0
5,17.5,186.0,4.0,205.0,19.0
4,17.6,186.0,5.0,205.0,19.0
2,19.2,198.0,6.0,205.0,7.0
1,3.5,8.0,1.0,114.0,106.0
3,5.5,15.0,2.0,114.0,99.0
0,10.6,49.0,3.0,114.0,65.0
2,19.6,114.0,4.0,114.0,0.0
3,5.2,50.0,1.0,178.0,128.0
1,6.6,54.0,2.0,178.0,124.0
0,16.2,141.0,3.0,178.0,37.0
2,18.5,172.0,4.0,178.0,6.0
8,5.3,43.0,1.0,125.0,82.0
2,8.2,64.0,2.0,125.0,61.0
4,9.6,72.0,3.0,125.0,53.0
0,10.2,73.0,4.0,125.0,52.0
6,13.3,89.0,5.0,125.0,36.0
7,17.2,106.0,6.0,125.0,19.0
5,18.3,115.0,7.0,125.0,10.0
3,19.3,122.0,8.0,125.0,3.0
1,19.4,122.0,9.0,125.0,3.0
3,3.6,25.0,1.0,119.0,94.0
2,7.4,50.0,2.0,119.0,69.0
0,12.4,80.0,3.0,119.0,39.0
1,14.3,94.0,4.0,119.0,25.0
7,15.4,100.0,5.0,119.0,19.0
6,17.6,110.0,6.0,119.0,9.0
5,18.4,114.0,7.0,119.0,5.0
4,19.1,116.0,8.0,119.0,3.0
1,9.2,77.0,1.0,196.0,119.0
0,14.5,135.0,2.0,196.0,61.0
2,18.3,179.0,3.0,196.0,17.0
3,6.4,51.0,1.0,136.0,85.0
2,7.3,56.0,2.0,136.0,80.0
0,10.6,76.0,3.0,136.0,60.0
1,14.3,98.0,4.0,136.0,38.0
5,18.1,119.0,5.0,136.0,17.0
7,18.4,124.0,6.0,136.0,12.0
6,18.5,124.0,7.0,136.0,12.0
4,19.5,135.0,8.0,136.0,1.0
1,3.4,22.0,1.0,163.0,141.0
0,10.4,92.0,2.0,163.0,71.0
6,15.2,128.0,3.0,163.0,35.0
7,15.6,129.0,4.0,163.0,34.0
5,17.3,145.0,5.0,163.0,18.0
3,18.1,148.0,6.0,163.0,15.0
4,18.6,155.0,7.0,163.0,8.0
2,19.2,157.0,8.0,163.0,6.0
2,9.3,73.0,1.0,146.0,73.0
1,9.5,73.0,2.0,146.0,73.0
4,13.4,102.0,3.0,146.0,44.0
0,16.3,122.0,4.0,146.0,24.0
5,17.2,124.0,5.0,146.0,22.0
3,18.3,133.0,6.0,146.0,13.0
2,0.6,6.0,1.0,176.0,170.0
3,5.3,41.0,2.0,176.0,135.0
0,10.2,68.0,3.0,176.0,108.0
1,19.4,164.0,4.0,176.0,12.0
3,8.4,93.0,1.0,178.0,85.0
6,13.1,122.0,2.0,178.0,56.0
0,14.5,129.0,3.0,178.0,49.0
4,18.1,165.0,4.0,178.0,13.0
5,18.2,165.0,5.0,178.0,13.0
1,19.5,177.0,6.0,178.0,1.0
2,19.6,178.0,7.0,178.0,0.0
1,2.3,15.0,1.0,89.0,74.0
0,3.5,21.0,2.0,89.0,68.0
3,5.3,30.0,3.0,89.0,59.0
2,12.2,83.0,4.0,89.0,6.0
5,0.2,0.0,1.0,135.0,135.0
0,7.2,39.0,2.0,135.0,96.0
3,9.6,53.0,3.0,135.0,82.0
1,10.4,58.0,4.0,135.0,77.0
2,14.2,77.0,5.0,135.0,58.0
4,18.2,105.0,6.0,135.0,30.0
3,3.3,21.0,1.0,170.0,149.0
2,14.2,123.0,2.0,170.0,47.0
1,14.3,123.0,3.0,170.0,47.0
0,16.4,138.0,4.0,170.0,32.0
5,18.4,156.0,5.0,170.0,14.0
4,19.4,168.0,6.0,170.0,2.0
1,2.6,18.0,1.0,97.0,79.0
0,3.1,18.0,2.0,97.0,79.0
7,5.2,26.0,3.0,97.0,71.0
2,8.5,63.0,4.0,97.0,34.0
3,9.4,68.0,5.0,97.0,29.0
8,11.2,77.0,6.0,97.0,20.0
6,13.1,81.0,7.0,97.0,16.0
5,13.5,82.0,8.0,97.0,15.0
9,15.2,89.0,9.0,97.0,8.0
4,18.3,97.0,10.0,97.0,0.0
4,3.6,31.0,1.0,136.0,105.0
7,5.5,35.0,2.0,136.0,101.0
1,6.4,45.0,3.0,136.0,91.0
2,7.4,45.0,4.0,136.0,91.0
3,7.5,45.0,5.0,136.0,91.0
8,11.1,73.0,6.0,136.0,63.0
0,14.5,92.0,7.0,136.0,44.0
6,19.2,127.0,8.0,136.0,9.0
5,19.6,136.0,9.0,136.0,0.0
0,3.6,25.0,1.0,232.0,207.0
1,19.5,231.0,2.0,232.0,1.0
2,2.6,19.0,1.0,152.0,133.0
4,5.4,40.0,2.0,152.0,112.0
3,8.4,60.0,3.0,152.0,92.0
1,14.3,97.0,4.0,152.0,55.0
0,16.2,116.0,5.0,152.0,36.0
5,1.2,9.0,1.0,118.0,109.0
1,3.3,17.0,2.0,118.0,101.0
2,8.3,44.0,3.0,118.0,74.0
0,12.3,71.0,4.0,118.0,47.0
6,13.6,79.0,5.0,118.0,39.0
3,19.3,113.0,6.0,118.0,5.0
4,19.7,118.0,7.0,118.0,0.0
2,1.3,7.0,1.0,133.0,126.0
0,3.6,17.0,2.0,133.0,116.0
3,11.3,65.0,3.0,133.0,68.0
4,17.7,118.0,4.0,133.0,15.0
1,19.4,131.0,5.0,133.0,2.0
1,13.2,131.0,1.0,198.0,67.0
0,16.1,158.0,2.0,198.0,40.0
0,3.4,24.0,1.0,56.0,32.0
2,5.6,32.0,2.0,56.0,24.0
1,8.6,47.0,3.0,56.0,9.0
1,2.1,7.0,1.0,128.0,121.0
0,3.3,16.0,2.0,128.0,112.0
4,4.1,17.0,3.0,128.0,111.0
6,5.4,22.0,4.0,128.0,106.0
3,13.4,64.0,5.0,128.0,64.0
7,15.1,79.0,6.0,128.0,49.0
5,17.5,100.0,7.0,128.0,28.0
2,18.5,110.0,8.0,128.0,18.0
4,1.5,4.0,1.0,175.0,171.0
0,3.2,22.0,2.0,175.0,153.0
2,8.5,67.0,3.0,175.0,108.0
6,15.6,124.0,4.0,175.0,51.0
5,17.3,149.0,5.0,175.0,26.0
3,19.2,166.0,6.0,175.0,9.0
1,19.6,175.0,7.0,175.0,0.0
1,3.3,30.0,1.0,175.0,145.0
2,8.7,65.0,2.0,175.0,110.0
3,11.5,85.0,3.0,175.0,90.0
0,16.4,133.0,4.0,175.0,42.0
4,1.4,9.0,1.0,147.0,138.0
2,2.5,13.0,2.0,147.0,134.0
1,3.2,15.0,3.0,147.0,132.0
6,5.3,20.0,4.0,147.0,127.0
0,12.6,80.0,5.0,147.0,67.0
5,17.1,121.0,6.0,147.0,26.0
3,18.3,131.0,7.0,147.0,16.0
0,10.4,113.0,1.0,185.0,72.0
2,14.4,148.0,2.0,185.0,37.0
3,15.2,151.0,3.0,185.0,34.0
1,16.2,157.0,4.0,185.0,28.0
0,14.5,159.0,1.0,205.0,46.0
3,18.1,188.0,2.0,205.0,17.0
4,18.2,188.0,3.0,205.0,17.0
1,19.4,199.0,4.0,205.0,6.0
2,19.5,199.0,5.0,205.0,6.0
4,0.5,4.0,1.0,112.0,108.0
5,5.5,38.0,2.0,112.0,74.0
3,9.5,75.0,3.0,112.0,37.0
6,11.2,80.0,4.0,112.0,32.0
1,12.4,85.0,5.0,112.0,27.0
9,15.1,95.0,6.0,112.0,17.0
0,16.1,99.0,7.0,112.0,13.0
7,17.1,103.0,8.0,112.0,9.0
8,17.6,104.0,9.0,112.0,8.0
2,19.5,112.0,10.0,112.0,0.0
0,1.5,14.0,1.0,97.0,83.0
3,2.4,20.0,2.0,97.0,77.0
2,2.5,20.0,3.0,97.0,77.0
1,3.6,31.0,4.0,97.0,66.0
8,6.4,54.0,5.0,97.0,43.0
7,6.5,55.0,6.0,97.0,42.0
6,10.4,86.0,7.0,97.0,11.0
5,11.2,89.0,8.0,97.0,8.0
4,11.6,97.0,9.0,97.0,0.0
5,0.5,0.0,1.0,129.0,129.0
1,3.4,15.0,2.0,129.0,114.0
6,4.5,27.0,3.0,129.0,102.0
3,8.5,47.0,4.0,129.0,82.0
8,15.1,91.0,5.0,129.0,38.0
0,16.2,102.0,6.0,129.0,27.0
7,17.2,105.0,7.0,129.0,24.0
4,19.3,128.0,8.0,129.0,1.0
2,19.6,129.0,9.0,129.0,0.0
2,9.4,77.0,1.0,191.0,114.0
0,10.5,87.0,2.0,191.0,104.0
3,17.2,162.0,3.0,191.0,29.0
1,19.3,180.0,4.0,191.0,11.0
3,3.7,37.0,1.0,157.0,120.0
7,5.6,46.0,2.0,157.0,111.0
0,7.2,56.0,3.0,157.0,101.0
6,8.1,59.0,4.0,157.0,98.0
1,12.2,85.0,5.0,157.0,72.0
2,14.2,103.0,6.0,157.0,54.0
4,19.5,157.0,7.0,157.0,0.0
5,19.6,157.0,8.0,157.0,0.0
3,0.5,2.0,1.0,193.0,191.0
5,5.3,42.0,2.0,193.0,151.0
2,8.1,63.0,3.0,193.0,130.0
1,12.2,94.0,4.0,193.0,99.0
0,14.6,120.0,5.0,193.0,73.0
4,17.2,147.0,6.0,193.0,46.0
4,1.3,1.0,1.0,164.0,163.0
1,6.4,44.0,2.0,164.0,120.0
2,8.4,61.0,3.0,164.0,103.0
0,16.1,125.0,4.0,164.0,39.0
3,18.4,152.0,5.0,164.0,12.0
2,3.6,28.0,1.0,166.0,138.0
5,4.6,32.0,2.0,166.0,134.0
1,14.6,113.0,3.0,166.0,53.0
0,16.3,121.0,4.0,166.0,45.0
4,18.2,132.0,5.0,166.0,34.0
3,19.4,166.0,6.0,166.0,0.0
6,1.4,7.0,1.0,138.0,131.0
2,3.1,9.0,2.0,138.0,129.0
0,6.6,46.0,3.0,138.0,92.0
1,12.3,82.0,4.0,138.0,56.0
8,17.6,123.0,5.0,138.0,15.0
4,18.2,127.0,6.0,138.0,11.0
5,18.4,127.0,7.0,138.0,11.0
3,19.4,136.0,8.0,138.0,2.0
7,19.7,138.0,9.0,138.0,0.0
3,6.2,60.0,1.0,165.0,105.0
6,13.3,125.0,2.0,165.0,40.0
2,14.1,126.0,3.0,165.0,39.0
1,16.2,139.0,4.0,165.0,26.0
0,16.5,140.0,5.0,165.0,25.0
7,17.2,143.0,6.0,165.0,22.0
5,18.3,151.0,7.0,165.0,14.0
4,19.3,154.0,8.0,165.0,11.0
6,0.1,0.0,1.0,110.0,110.0
2,3.1,26.0,2.0,110.0,84.0
0,6.3,43.0,3.0,110.0,67.0
4,9.4,64.0,4.0,110.0,46.0
1,10.2,66.0,5.0,110.0,44.0
7,17.1,89.0,6.0,110.0,21.0
5,18.4,100.0,7.0,110.0,10.0
3,19.3,108.0,8.0,110.0,2.0
2,3.3,28.0,1.0,197.0,169.0
1,6.5,59.0,2.0,197.0,138.0
3,8.2,68.0,3.0,197.0,129.0
0,16.6,164.0,4.0,197.0,33.0
5,17.4,173.0,5.0,197.0,24.0
4,18.4,177.0,6.0,197.0,20.0
7,5.3,53.0,1.0,205.0,152.0
0,16.2,162.0,2.0,205.0,43.0
6,17.2,174.0,3.0,205.0,31.0
5,18.6,198.0,4.0,205.0,7.0
3,19.1,198.0,5.0,205.0,7.0
4,19.2,198.0,6.0,205.0,7.0
1,19.4,199.0,7.0,205.0,6.0
2,19.5,199.0,8.0,205.0,6.0
2,2.3,13.0,1.0,115.0,102.0
7,5.1,28.0,2.0,115.0,87.0
8,5.4,29.0,3.0,115.0,86.0
3,8.3,51.0,4.0,115.0,64.0
0,12.1,77.0,5.0,115.0,38.0
9,15.4,99.0,6.0,115.0,16.0
1,16.3,100.0,7.0,115.0,15.0
5,17.2,108.0,8.0,115.0,7.0
6,17.5,110.0,9.0,115.0,5.0
4,18.6,115.0,10.0,115.0,0.0
0,6.1,45.0,1.0,131.0,86.0
2,7.5,48.0,2.0,131.0,83.0
3,8.2,49.0,3.0,131.0,82.0
1,16.4,108.0,4.0,131.0,23.0
4,18.1,113.0,5.0,131.0,18.0
1,2.2,10.0,1.0,157.0,147.0
3,9.1,81.0,2.0,157.0,76.0
5,11.6,106.0,3.0,157.0,51.0
4,13.4,113.0,4.0,157.0,44.0
0,16.1,125.0,5.0,157.0,32.0
6,17.3,132.0,6.0,157.0,25.0
7,17.6,134.0,7.0,157.0,23.0
2,19.5,156.0,8.0,157.0,1.0
0,6.1,43.0,1.0,155.0,112.0
1,9.1,67.0,2.0,155.0,88.0
4,11.3,86.0,3.0,155.0,69.0
3,18.6,147.0,4.0,155.0,8.0
2,19.2,148.0,5.0,155.0,7.0
3,2.5,16.0,1.0,134.0,118.0
5,4.2,21.0,2.0,134.0,113.0
6,11.6,73.0,3.0,134.0,61.0
2,14.1,85.0,4.0,134.0,49.0
1,16.3,99.0,5.0,134.0,35.0
0,16.5,100.0,6.0,134.0,34.0
8,17.5,104.0,7.0,134.0,30.0
7,17.6,104.0,8.0,134.0,30.0
4,19.4,128.0,9.0,134.0,6.0
0,10.2,62.0,1.0,195.0,133.0
1,18.4,183.0,2.0,195.0,12.0
8,1.5,2.0,1.0,92.0,90.0
3,3.1,5.0,2.0,92.0,87.0
0,7.1,30.0,3.0,92.0,62.0
4,8.3,38.0,4.0,92.0,54.0
5,9.3,41.0,5.0,92.0,51.0
1,10.2,44.0,6.0,92.0,48.0
2,14.5,78.0,7.0,92.0,14.0
6,15.5,80.0,8.0,92.0,12.0
9,17.6,89.0,9.0,92.0,3.0
7,19.2,92.0,10.0,92.0,0.0
0,10.4,94.0,1.0,196.0,102.0
1,13.1,108.0,2.0,196.0,88.0
2,6.6,63.0,1.0,182.0,119.0
4,11.5,108.0,2.0,182.0,74.0
0,12.6,117.0,3.0,182.0,65.0
5,17.5,164.0,4.0,182.0,18.0
3,18.3,166.0,5.0,182.0,16.0
1,19.5,178.0,6.0,182.0,4.0
2,2.6,24.0,1.0,124.0,100.0
4,9.3,62.0,2.0,124.0,62.0
5,13.6,86.0,3.0,124.0,38.0
1,14.2,87.0,4.0,124.0,37.0
0,16.5,101.0,5.0,124.0,23.0
6,17.1,103.0,6.0,124.0,21.0
3,19.6,124.0,7.0,124.0,0.0
1,4.5,28.0,1.0,187.0,159.0
2,5.5,33.0,2.0,187.0,154.0
3,17.3,159.0,3.0,187.0,28.0
0,19.4,179.0,4.0,187.0,8.0
4,15.3,116.0,1.0,164.0,48.0
2,15.5,116.0,2.0,164.0,48.0
0,16.3,119.0,3.0,164.0,45.0
3,18.5,142.0,4.0,164.0,22.0
1,19.6,164.0,5.0,164.0,0.0
1,2.4,14.0,1.0,163.0,149.0
5,4.6,27.0,2.0,163.0,136.0
3,8.1,57.0,3.0,163.0,106.0
4,13.6,94.0,4.0,163.0,69.0
0,14.7,105.0,5.0,163.0,58.0
2,19.1,149.0,6.0,163.0,14.0
3,4.4,36.0,1.0,146.0,110.0
0,7.6,50.0,2.0,146.0,96.0
2,18.5,142.0,3.0,146.0,4.0
1,19.6,146.0,4.0,146.0,0.0
1,3.6,26.0,1.0,192.0,166.0
0,14.2,119.0,2.0,192.0,73.0
2,19.4,186.0,3.0,192.0,6.0
0,8.1,51.0,1.0,163.0,112.0
1,9.2,56.0,2.0,163.0,107.0
5,15.2,131.0,3.0,163.0,32.0
4,17.4,142.0,4.0,163.0,21.0
2,18.3,152.0,5.0,163.0,11.0
3,18.4,152.0,6.0,163.0,11.0
3,5.5,37.0,1.0,126.0,89.0
4,11.4,81.0,2.0,126.0,45.0
0,14.1,95.0,3.0,126.0,31.0
6,15.4,100.0,4.0,126.0,26.0
5,17.4,109.0,5.0,126.0,17.0
2,18.3,113.0,6.0,126.0,13.0
1,19.2,121.0,7.0,126.0,5.0
0,3.4,23.0,1.0,189.0,166.0
1,9.4,60.0,2.0,189.0,129.0
2,11.4,67.0,3.0,189.0,122.0
1,0.2,0.0,1.0,146.0,146.0
0,1.2,1.0,2.0,146.0,145.0
2,5.2,35.0,1.0,168.0,133.0
1,7.4,46.0,2.0,168.0,122.0
0,12.6,79.0,3.0,168.0,89.0
0,3.6,39.0,1.0,177.0,138.0
3,5.6,50.0,2.0,177.0,127.0
1,11.1,83.0,3.0,177.0,94.0
2,17.3,158.0,4.0,177.0,19.0
2,13.1,135.0,1.0,207.0,72.0
3,15.1,153.0,2.0,207.0,54.0
4,15.3,154.0,3.0,207.0,53.0
0,18.1,195.0,4.0,207.0,12.0
1,18.2,195.0,5.0,207.0,12.0
2,8.1,68.0,1.0,156.0,88.0
5,11.6,97.0,2.0,156.0,59.0
3,15.5,127.0,3.0,156.0,29.0
0,16.5,133.0,4.0,156.0,23.0
6,17.2,138.0,5.0,156.0,18.0
7,17.4,138.0,6.0,156.0,18.0
4,18.4,148.0,7.0,156.0,8.0
1,19.5,154.0,8.0,156.0,2.0
0,10.3,95.0,1.0,190.0,95.0
3,18.4,175.0,2.0,190.0,15.0
2,19.2,182.0,3.0,190.0,8.0
1,19.6,190.0,4.0,190.0,0.0
3,1.6,13.0,1.0,152.0,139.0
1,2.6,19.0,2.0,152.0,133.0
4,13.1,99.0,3.0,152.0,53.0
0,14.3,104.0,4.0,152.0,48.0
5,17.6,125.0,5.0,152.0,27.0
2,19.5,148.0,6.0,152.0,4.0
8,5.3,37.0,1.0,100.0,63.0
0,7.2,41.0,2.0,100.0,59.0
4,8.2,44.0,3.0,100.0,56.0
7,11.1,59.0,4.0,100.0,41.0
1,12.1,64.0,5.0,100.0,36.0
2,12.6,66.0,6.0,100.0,34.0
9,15.2,82.0,7.0,100.0,18.0
3,16.6,90.0,8.0,100.0,10.0
5,18.3,100.0,9.0,100.0,0.0
6,18.4,100.0,10.0,100.0,0.0
2,1.4,5.0,1.0,139.0,134.0
3,4.6,32.0,2.0,139.0,107.0
1,10.1,74.0,3.0,139.0,65.0
0,12.6,88.0,4.0,139.0,51.0
4,17.6,118.0,5.0,139.0,21.0
2,0.1,0.0,1.0,186.0,186.0
3,4.4,23.0,2.0,186.0,163.0
1,18.7,180.0,3.0,186.0,6.0
0,19.1,180.0,4.0,186.0,6.0
3,8.4,71.0,1.0,141.0,70.0
1,10.5,87.0,2.0,141.0,54.0
5,11.4,90.0,3.0,141.0,51.0
2,12.2,93.0,4.0,141.0,48.0
0,12.6,95.0,5.0,141.0,46.0
4,18.1,128.0,6.0,141.0,13.0
3,1.3,7.0,1.0,158.0,151.0
4,15.2,126.0,2.0,158.0,32.0
0,16.4,134.0,3.0,158.0,24.0
1,19.1,154.0,4.0,158.0,4.0
2,19.3,155.0,5.0,158.0,3.0
2,7.4,50.0,1.0,120.0,70.0
5,8.6,56.0,2.0,120.0,64.0
7,11.6,81.0,3.0,120.0,39.0
6,13.3,88.0,4.0,120.0,32.0
1,14.5,92.0,5.0,120.0,28.0
8,15.6,93.0,6.0,120.0,27.0
0,16.1,93.0,7.0,120.0,27.0
3,19.4,119.0,8.0,120.0,1.0
4,19.6,120.0,9.0,120.0,0.0
1,2.2,15.0,1.0,160.0,145.0
3,9.4,79.0,2.0,160.0,81.0
5,13.1,109.0,3.0,160.0,51.0
0,14.6,124.0,4.0,160.0,36.0
4,18.4,142.0,5.0,160.0,18.0
2,19.1,147.0,6.0,160.0,13.0
0,12.3,113.0,1.0,150.0,37.0
3,13.4,115.0,2.0,150.0,35.0
4,15.2,122.0,3.0,150.0,28.0
1,18.1,134.0,4.0,150.0,16.0
2,18.6,141.0,5.0,150.0,9.0
3,1.2,7.0,1.0,177.0,170.0
0,7.5,76.0,2.0,177.0,101.0
4,13.2,117.0,3.0,177.0,60.0
5,15.6,133.0,4.0,177.0,44.0
1,19.4,176.0,5.0,177.0,1.0
2,19.6,177.0,6.0,177.0,0.0
7,5.2,47.0,1.0,173.0,126.0
1,6.4,52.0,2.0,173.0,121.0
0,14.1,114.0,3.0,173.0,59.0
6,17.5,158.0,4.0,173.0,15.0
4,18.3,162.0,5.0,173.0,11.0
5,18.6,169.0,6.0,173.0,4.0
2,19.5,173.0,7.0,173.0,0.0
3,19.6,173.0,8.0,173.0,0.0
1,11.5,86.0,1.0,181.0,95.0
0,19.2,168.0,2.0,181.0,13.0
3,3.3,40.0,1.0,153.0,113.0
8,5.4,49.0,2.0,153.0,104.0
2,12.4,95.0,3.0,153.0,58.0
1,14.2,100.0,4.0,153.0,53.0
0,16.6,125.0,5.0,153.0,28.0
6,19.2,146.0,6.0,153.0,7.0
4,19.4,152.0,7.0,153.0,1.0
5,19.5,152.0,8.0,153.0,1.0
7,19.7,153.0,9.0,153.0,0.0
5,5.4,30.0,1.0,125.0,95.0
0,6.1,35.0,2.0,125.0,90.0
3,11.3,77.0,3.0,125.0,48.0
1,12.6,83.0,4.0,125.0,42.0
4,17.1,107.0,5.0,125.0,18.0
2,19.2,122.0,6.0,125.0,3.0
1,6.5,55.0,1.0,170.0,115.0
2,7.4,58.0,2.0,170.0,112.0
3,11.6,97.0,3.0,170.0,73.0
4,15.3,130.0,4.0,170.0,40.0
0,16.6,138.0,5.0,170.0,32.0
3,1.2,1.0,1.0,141.0,140.0
2,1.6,2.0,2.0,141.0,139.0
0,8.3,41.0,3.0,141.0,100.0
4,13.6,85.0,4.0,141.0,56.0
5,15.4,100.0,5.0,141.0,41.0
1,15.5,100.0,6.0,141.0,41.0
3,1.5,6.0,1.0,126.0,120.0
5,5.4,28.0,2.0,126.0,98.0
1,8.4,40.0,3.0,126.0,86.0
0,10.2,65.0,4.0,126.0,61.0
4,17.1,97.0,5.0,126.0,29.0
2,18.3,115.0,6.0,126.0,11.0
0,8.3,80.0,1.0,173.0,93.0
1,11.3,95.0,2.0,173.0,78.0
2,17.2,138.0,3.0,173.0,35.0
0,2.2,15.0,1.0,182.0,167.0
1,0.5,5.0,1.0,114.0,109.0
0,2.1,12.0,2.0,114.0,102.0
3,4.7,24.0,3.0,114.0,90.0
4,5.2,24.0,4.0,114.0,90.0
2,13.2,72.0,5.0,114.0,42.0
3,4.3,29.0,1.0,170.0,141.0
0,14.3,123.0,2.0,170.0,47.0
2,18.2,156.0,3.0,170.0,14.0
1,19.2,162.0,4.0,170.0,8.0
3,5.6,47.0,1.0,190.0,143.0
0,6.6,49.0,2.0,190.0,141.0
1,16.6,145.0,3.0,190.0,45.0
2,19.5,189.0,4.0,190.0,1.0
1,2.2,8.0,1.0,171.0,163.0
2,2.4,11.0,2.0,171.0,160.0
0,6.3,47.0,3.0,171.0,124.0
3,11.3,87.0,4.0,171.0,84.0
4,17.3,133.0,5.0,171.0,38.0
5,17.5,134.0,6.0,171.0,37.0
4,11.3,99.0,1.0,158.0,59.0
0,12.1,100.0,2.0,158.0,58.0
2,14.4,111.0,3.0,158.0,47.0
1,16.6,127.0,4.0,158.0,31.0
5,17.2,128.0,5.0,158.0,30.0
3,19.3,156.0,6.0,158.0,2.0
1,3.1,24.0,1.0,136.0,112.0
7,5.3,43.0,2.0,136.0,93.0
0,7.2,54.0,3.0,136.0,82.0
3,9.4,63.0,4.0,136.0,73.0
5,11.5,80.0,5.0,136.0,56.0
2,12.5,88.0,6.0,136.0,48.0
6,17.1,117.0,7.0,136.0,19.0
4,18.1,126.0,8.0,136.0,10.0
3,1.2,6.0,1.0,140.0,134.0
4,1.3,6.0,2.0,140.0,134.0
1,8.3,44.0,3.0,140.0,96.0
5,13.2,89.0,4.0,140.0,51.0
0,14.1,91.0,5.0,140.0,49.0
6,15.4,96.0,6.0,140.0,44.0
2,18.1,125.0,7.0,140.0,15.0
2,2.6,17.0,1.0,120.0,103.0
5,4.3,20.0,2.0,120.0,100.0
1,7.4,42.0,3.0,120.0,78.0
0,10.2,46.0,4.0,120.0,74.0
6,15.4,78.0,5.0,120.0,42.0
4,18.5,112.0,6.0,120.0,8.0
3,19.5,119.0,7.0,120.0,1.0
0,2.2,11.0,1.0,215.0,204.0
5,1.3,8.0,1.0,126.0,118.0
0,6.1,41.0,2.0,126.0,85.0
3,8.4,54.0,3.0,126.0,72.0
6,11.6,73.0,4.0,126.0,53.0
7,17.2,108.0,5.0,126.0,18.0
4,18.5,118.0,6.0,126.0,8.0
1,19.5,126.0,7.0,126.0,0.0
2,19.6,126.0,8.0,126.0,0.0
5,1.1,5.0,1.0,141.0,136.0
1,3.3,16.0,2.0,141.0,125.0
7,4.3,18.0,3.0,141.0,123.0
6,5.5,20.0,4.0,141.0,121.0
0,14.1,77.0,5.0,141.0,64.0
2,18.1,122.0,6.0,141.0,19.0
3,18.3,123.0,7.0,141.0,18.0
4,18.6,126.0,8.0,141.0,15.0
2,4.3,21.0,1.0,136.0,115.0
1,8.4,40.0,2.0,136.0,96.0
0,16.1,107.0,3.0,136.0,29.0
3,17.5,117.0,4.0,136.0,19.0
4,0.6,6.0,1.0,132.0,126.0
0,3.4,19.0,2.0,132.0,113.0
5,4.2,20.0,3.0,132.0,112.0
6,11.1,51.0,4.0,132.0,81.0
2,18.5,122.0,5.0,132.0,10.0
1,19.6,132.0,6.0,132.0,0.0
3,19.7,132.0,7.0,132.0,0.0
2,1.5,9.0,1.0,162.0,153.0
4,5.2,31.0,2.0,162.0,131.0
5,11.2,84.0,3.0,162.0,78.0
3,13.8,105.0,4.0,162.0,57.0
1,18.6,148.0,5.0,162.0,14.0
0,19.5,160.0,6.0,162.0,2.0
2,5.5,48.0,1.0,162.0,114.0
0,12.4,87.0,2.0,162.0,75.0
1,13.4,91.0,3.0,162.0,71.0
3,15.6,106.0,4.0,162.0,56.0
1,1.1,1.0,1.0,187.0,186.0
2,1.2,1.0,2.0,187.0,186.0
3,13.2,95.0,3.0,187.0,92.0
0,14.2,106.0,4.0,187.0,81.0
4,15.1,114.0,5.0,187.0,73.0
2,8.1,68.0,1.0,222.0,154.0
3,13.4,137.0,2.0,222.0,85.0
0,16.3,173.0,3.0,222.0,49.0
4,17.1,183.0,4.0,222.0,39.0
1,19.6,222.0,5.0,222.0,0.0
0,10.2,87.0,1.0,190.0,103.0
2,17.1,160.0,2.0,190.0,30.0
1,19.7,190.0,3.0,190.0,0.0
4,0.1,0.0,1.0,128.0,128.0
6,5.5,44.0,2.0,128.0,84.0
2,8.5,59.0,3.0,128.0,69.0
7,11.6,79.0,4.0,128.0,49.0
5,13.2,88.0,5.0,128.0,40.0
9,15.2,97.0,6.0,128.0,31.0
8,17.5,113.0,7.0,128.0,15.0
3,18.6,125.0,8.0,128.0,3.0
0,19.5,128.0,9.0,128.0,0.0
1,19.6,128.0,10.0,128.0,0.0
2,2.2,3.0,1.0,156.0,153.0
3,4.5,28.0,2.0,156.0,128.0
0,6.1,31.0,3.0,156.0,125.0
4,11.4,75.0,4.0,156.0,81.0
1,12.4,80.0,5.0,156.0,76.0
5,5.3,34.0,1.0,126.0,92.0
2,9.5,60.0,2.0,126.0,66.0
0,12.6,72.0,3.0,126.0,54.0
1,14.2,83.0,4.0,126.0,43.0
4,17.5,109.0,5.0,126.0,17.0
3,18.5,116.0,6.0,126.0,10.0
1,2.6,22.0,1.0,165.0,143.0
6,11.3,87.0,2.0,165.0,78.0
0,16.1,142.0,3.0,165.0,23.0
4,18.5,161.0,4.0,165.0,4.0
5,18.6,161.0,5.0,165.0,4.0
3,19.3,164.0,6.0,165.0,1.0
2,19.4,164.0,7.0,165.0,1.0
4,0.5,3.0,1.0,148.0,145.0
2,3.2,17.0,2.0,148.0,131.0
0,6.1,41.0,3.0,148.0,107.0
3,8.2,59.0,4.0,148.0,89.0
1,10.4,75.0,5.0,148.0,73.0
5,11.6,83.0,6.0,148.0,65.0
6,0.6,1.0,1.0,99.0,98.0
8,4.6,21.0,2.0,99.0,78.0
1,7.4,29.0,3.0,99.0,70.0
3,8.6,33.0,4.0,99.0,66.0
4,9.6,38.0,5.0,99.0,61.0
7,13.3,53.0,6.0,99.0,46.0
0,16.1,78.0,7.0,99.0,21.0
5,19.2,93.0,8.0,99.0,6.0
2,19.6,99.0,9.0,99.0,0.0
5,1.1,8.0,1.0,130.0,122.0
2,3.4,22.0,2.0,130.0,108.0
0,7.1,42.0,3.0,130.0,88.0
6,13.6,85.0,4.0,130.0,45.0
1,16.6,108.0,5.0,130.0,22.0
7,17.7,114.0,6.0,130.0,16.0
3,19.1,125.0,7.0,130.0,5.0
4,19.3,127.0,8.0,130.0,3.0
2,2.3,11.0,1.0,144.0,133.0
1,7.5,46.0,2.0,144.0,98.0
0,10.1,63.0,3.0,144.0,81.0
4,15.2,101.0,4.0,144.0,43.0
5,15.4,101.0,5.0,144.0,43.0
3,19.2,137.0,6.0,144.0,7.0
3,0.6,0.0,1.0,209.0,209.0
2,1.3,1.0,2.0,209.0,208.0
0,14.4,133.0,3.0,209.0,76.0
4,17.3,163.0,4.0,209.0,46.0
1,19.1,189.0,5.0,209.0,20.0
3,2.3,19.0,1.0,138.0,119.0
4,2.5,20.0,2.0,138.0,118.0
0,6.6,50.0,3.0,138.0,88.0
2,14.1,106.0,4.0,138.0,32.0
9,15.1,116.0,5.0,138.0,22.0
1,16.4,127.0,6.0,138.0,11.0
7,17.2,133.0,7.0,138.0,5.0
8,17.5,133.0,8.0,138.0,5.0
6,18.2,134.0,9.0,138.0,4.0
5,19.5,138.0,10.0,138.0,0.0
5,0.7,3.0,1.0,154.0,151.0
2,8.1,54.0,2.0,154.0,100.0
1,12.5,95.0,3.0,154.0,59.0
0,16.2,124.0,4.0,154.0,30.0
6,17.2,132.0,5.0,154.0,22.0
7,17.7,135.0,6.0,154.0,19.0
4,19.2,149.0,7.0,154.0,5.0
3,19.3,149.0,8.0,154.0,5.0
3,0.1,0.0,1.0,145.0,145.0
4,11.2,81.0,2.0,145.0,64.0
0,12.3,85.0,3.0,145.0,60.0
1,14.2,93.0,4.0,145.0,52.0
2,15.5,106.0,5.0,145.0,39.0
2,0.4,0.0,1.0,114.0,114.0
5,4.3,26.0,2.0,114.0,88.0
4,4.4,26.0,3.0,114.0,88.0
0,8.6,44.0,4.0,114.0,70.0
3,13.3,65.0,5.0,114.0,49.0
6,17.3,95.0,6.0,114.0,19.0
7,17.5,96.0,7.0,114.0,18.0
1,18.2,98.0,8.0,114.0,16.0
0,7.1,54.0,1.0,183.0,129.0
1,8.2,60.0,2.0,183.0,123.0
2,15.1,115.0,3.0,183.0,68.0
4,1.5,6.0,1.0,165.0,159.0
3,8.5,51.0,2.0,165.0,114.0
1,16.4,133.0,3.0,165.0,32.0
0,16.6,135.0,4.0,165.0,30.0
5,17.7,138.0,5.0,165.0,27.0
2,19.6,165.0,6.0,165.0,0.0
0,7.4,59.0,1.0,180.0,121.0
3,13.4,102.0,2.0,180.0,78.0
2,18.5,169.0,3.0,180.0,11.0
1,19.6,180.0,4.0,180.0,0.0
6,1.3,5.0,1.0,124.0,119.0
5,1.7,8.0,2.0,124.0,116.0
0,3.3,10.0,3.0,124.0,114.0
2,8.4,45.0,4.0,124.0,79.0
7,11.4,67.0,5.0,124.0,57.0
1,12.5,75.0,6.0,124.0,49.0
9,15.6,92.0,7.0,124.0,32.0
8,17.3,104.0,8.0,124.0,20.0
4,18.4,124.0,9.0,124.0,0.0
3,18.5,124.0,10.0,124.0,0.0
1,12.3,96.0,1.0,159.0,63.0
2,14.1,101.0,2.0,159.0,58.0
0,16.1,118.0,3.0,159.0,41.0
4,17.1,128.0,4.0,159.0,31.0
3,19.6,159.0,5.0,159.0,0.0
4,3.5,24.0,1.0,157.0,133.0
7,8.4,61.0,2.0,157.0,96.0
0,10.1,70.0,3.0,157.0,87.0
1,14.4,99.0,4.0,157.0,58.0
2,14.5,99.0,5.0,157.0,58.0
3,14.6,99.0,6.0,157.0,58.0
8,15.6,109.0,7.0,157.0,48.0
6,19.1,150.0,8.0,157.0,7.0
5,19.4,152.0,9.0,157.0,5.0
4,5.4,43.0,1.0,152.0,109.0
0,6.1,43.0,2.0,152.0,109.0
2,11.2,73.0,3.0,152.0,79.0
1,14.1,91.0,4.0,152.0,61.0
3,17.6,122.0,5.0,152.0,30.0
6,1.7,5.0,1.0,119.0,114.0
3,2.5,15.0,2.0,119.0,104.0
2,2.6,15.0,3.0,119.0,104.0
7,4.7,17.0,4.0,119.0,102.0
5,9.2,41.0,5.0,119.0,78.0
0,10.4,44.0,6.0,119.0,75.0
1,14.6,75.0,7.0,119.0,44.0
4,19.6,115.0,8.0,119.0,4.0
0,7.2,62.0,1.0,179.0,117.0
1,13.4,115.0,2.0,179.0,64.0
2,15.1,126.0,3.0,179.0,53.0
3,4.3,30.0,1.0,169.0,139.0
0,12.5,90.0,2.0,169.0,79.0
1,19.3,164.0,3.0,169.0,5.0
2,19.7,169.0,4.0,169.0,0.0
2,2.6,15.0,1.0,123.0,108.0
3,8.4,47.0,2.0,123.0,76.0
4,8.6,48.0,3.0,123.0,75.0
1,14.1,88.0,4.0,123.0,35.0
0,16.3,104.0,5.0,123.0,19.0
7,17.4,114.0,6.0,123.0,9.0
8,17.5,115.0,7.0,123.0,8.0
6,17.6,115.0,8.0,123.0,8.0
5,18.1,115.0,9.0,123.0,8.0
6,5.5,46.0,1.0,119.0,73.0
0,6.1,47.0,2.0,119.0,72.0
4,7.4,50.0,3.0,119.0,69.0
3,7.6,55.0,4.0,119.0,64.0
1,12.4,82.0,5.0,119.0,37.0
2,14.1,89.0,6.0,119.0,30.0
8,15.3,90.0,7.0,119.0,29.0
5,15.5,91.0,8.0,119.0,28.0
7,17.3,107.0,9.0,119.0,12.0
3,2.2,10.0,1.0,117.0,107.0
7,5.2,26.0,2.0,117.0,91.0
5,9.5,66.0,3.0,117.0,51.0
2,14.4,97.0,4.0,117.0,20.0
9,15.2,105.0,5.0,117.0,12.0
1,16.3,108.0,6.0,117.0,9.0
0,16.6,110.0,7.0,117.0,7.0
8,17.4,111.0,8.0,117.0,6.0
6,18.1,112.0,9.0,117.0,5.0
4,19.4,117.0,10.0,117.0,0.0
1,3.2,11.0,1.0,161.0,150.0
3,5.1,22.0,2.0,161.0,139.0
0,16.2,118.0,3.0,161.0,43.0
2,18.6,149.0,4.0,161.0,12.0
0,10.3,83.0,1.0,185.0,102.0
3,15.1,124.0,2.0,185.0,61.0
2,17.1,142.0,3.0,185.0,43.0
1,19.2,180.0,4.0,185.0,5.0
0,7.2,71.0,1.0,185.0,114.0
1,9.3,84.0,2.0,185.0,101.0
2,13.2,113.0,3.0,185.0,72.0
3,17.3,159.0,4.0,185.0,26.0
4,13.4,167.0,1.0,263.0,96.0
0,16.2,207.0,2.0,263.0,56.0
3,18.5,251.0,3.0,263.0,12.0
1,19.4,262.0,4.0,263.0,1.0
2,19.6,263.0,5.0,263.0,0.0
2,7.3,60.0,1.0,171.0,111.0
3,11.3,86.0,2.0,171.0,85.0
0,16.2,120.0,3.0,171.0,51.0
1,19.5,167.0,4.0,171.0,4.0
3,1.2,27.0,1.0,159.0,132.0
0,7.6,68.0,2.0,159.0,91.0
4,11.4,92.0,3.0,159.0,67.0
5,17.6,146.0,4.0,159.0,13.0
1,19.4,158.0,5.0,159.0,1.0
2,19.6,159.0,6.0,159.0,0.0
1,0.3,4.0,1.0,159.0,155.0
2,1.8,12.0,2.0,159.0,147.0
3,4.5,37.0,3.0,159.0,122.0
0,9.6,61.0,4.0,159.0,98.0
5,15.3,98.0,5.0,159.0,61.0
4,17.2,116.0,6.0,159.0,43.0
0,6.1,45.0,1.0,149.0,104.0
3,9.3,67.0,2.0,149.0,82.0
2,12.5,96.0,3.0,149.0,53.0
1,14.4,109.0,4.0,149.0,40.0
5,17.2,127.0,5.0,149.0,22.0
4,18.6,131.0,6.0,149.0,18.0
6,0.5,2.0,1.0,144.0,142.0
4,1.4,6.0,2.0,144.0,138.0
5,1.6,7.0,3.0,144.0,137.0
2,3.4,15.0,4.0,144.0,129.0
7,4.4,19.0,5.0,144.0,125.0
0,6.1,29.0,6.0,144.0,115.0
1,14.1,87.0,7.0,144.0,57.0
8,17.5,114.0,8.0,144.0,30.0
3,18.6,127.0,9.0,144.0,17.0
1,3.4,29.0,1.0,194.0,165.0
0,10.1,97.0,2.0,194.0,97.0
2,12.5,118.0,3.0,194.0,76.0
4,17.2,169.0,4.0,194.0,25.0
5,17.3,169.0,5.0,194.0,25.0
6,17.4,169.0,6.0,194.0,25.0
3,19.2,187.0,7.0,194.0,7.0
0,10.1,103.0,1.0,200.0,97.0
1,15.5,158.0,2.0,200.0,42.0
2,19.2,190.0,3.0,200.0,10.0
4,4.1,20.0,1.0,164.0,144.0
2,9.6,68.0,2.0,164.0,96.0
0,10.2,68.0,3.0,164.0,96.0
3,13.5,96.0,4.0,164.0,68.0
1,19.4,159.0,5.0,164.0,5.0
2,3.6,44.0,1.0,171.0,127.0
1,7.6,66.0,2.0,171.0,105.0
0,12.1,99.0,3.0,171.0,72.0
3,15.5,123.0,4.0,171.0,48.0
4,18.1,145.0,5.0,171.0,26.0
5,18.6,149.0,6.0,171.0,22.0
2,2.4,11.0,1.0,174.0,163.0
1,7.4,43.0,2.0,174.0,131.0
0,12.2,86.0,3.0,174.0,88.0
0,2.3,6.0,1.0,164.0,158.0
1,5.4,28.0,2.0,164.0,136.0
2,15.3,103.0,3.0,164.0,61.0
3,4.3,32.0,1.0,129.0,97.0
2,4.5,32.0,2.0,129.0,97.0
0,12.1,74.0,3.0,129.0,55.0
1,12.5,79.0,4.0,129.0,50.0
4,0.2,4.0,1.0,136.0,132.0
1,2.3,16.0,2.0,136.0,120.0
5,5.5,37.0,3.0,136.0,99.0
0,7.4,48.0,4.0,136.0,88.0
2,8.3,50.0,5.0,136.0,86.0
6,15.3,84.0,6.0,136.0,52.0
3,18.2,114.0,7.0,136.0,22.0
1,3.5,27.0,1.0,186.0,159.0
3,11.1,82.0,2.0,186.0,104.0
0,12.1,92.0,3.0,186.0,94.0
2,18.3,166.0,4.0,186.0,20.0
0,6.3,36.0,1.0,187.0,151.0
1,12.6,99.0,2.0,187.0,88.0
2,15.1,119.0,3.0,187.0,68.0
2,3.1,20.0,1.0,132.0,112.0
4,4.3,27.0,2.0,132.0,105.0
0,10.5,71.0,3.0,132.0,61.0
1,12.2,83.0,4.0,132.0,49.0
5,17.4,117.0,5.0,132.0,15.0
3,19.4,126.0,6.0,132.0,6.0
5,3.4,13.0,1.0,80.0,67.0
1,7.1,32.0,2.0,80.0,48.0
2,10.5,50.0,3.0,80.0,30.0
8,11.2,52.0,4.0,80.0,28.0
0,12.2,57.0,5.0,80.0,23.0
4,14.5,70.0,6.0,80.0,10.0
3,16.4,73.0,7.0,80.0,7.0
9,17.5,77.0,8.0,80.0,3.0
7,18.1,78.0,9.0,80.0,2.0
6,19.1,80.0,10.0,80.0,0.0
4,4.1,22.0,1.0,174.0,152.0
2,18.4,158.0,2.0,174.0,16.0
3,18.6,164.0,3.0,174.0,10.0
1,19.2,166.0,4.0,174.0,8.0
0,19.6,174.0,5.0,174.0,0.0
0,6.5,40.0,1.0,139.0,99.0
1,7.4,42.0,2.0,139.0,97.0
2,9.1,45.0,3.0,139.0,94.0
3,11.5,66.0,4.0,139.0,73.0
4,15.1,82.0,5.0,139.0,57.0
0,10.6,97.0,1.0,178.0,81.0
2,13.6,124.0,2.0,178.0,54.0
3,15.2,129.0,3.0,178.0,49.0
1,19.5,170.0,4.0,178.0,8.0
2,2.1,12.0,1.0,161.0,149.0
1,7.5,50.0,2.0,161.0,111.0
0,10.2,62.0,3.0,161.0,99.0
5,17.6,142.0,4.0,161.0,19.0
3,18.7,155.0,5.0,161.0,6.0
4,19.1,155.0,6.0,161.0,6.0
1,1.4,19.0,1.0,154.0,135.0
0,2.4,22.0,2.0,154.0,132.0
2,7.3,47.0,3.0,154.0,107.0
3,11.6,78.0,4.0,154.0,76.0
0,12.6,93.0,1.0,170.0,77.0
2,13.3,99.0,2.0,170.0,71.0
3,17.1,130.0,3.0,170.0,40.0
5,17.5,134.0,4.0,170.0,36.0
4,17.6,135.0,5.0,170.0,35.0
1,18.4,144.0,6.0,170.0,26.0
0,5.2,45.0,1.0,223.0,178.0
1,17.2,178.0,2.0,223.0,45.0
2,17.5,183.0,3.0,223.0,40.0
4,0.3,0.0,1.0,145.0,145.0
5,13.3,102.0,2.0,145.0,43.0
0,14.3,105.0,3.0,145.0,40.0
2,18.4,136.0,4.0,145.0,9.0
3,18.6,137.0,5.0,145.0,8.0
1,19.5,143.0,6.0,145.0,2.0
3,5.2,45.0,1.0,152.0,107.0
0,6.6,52.0,2.0,152.0,100.0
4,11.4,75.0,3.0,152.0,77.0
2,13.6,90.0,4.0,152.0,62.0
5,15.4,97.0,5.0,152.0,55.0
1,18.4,135.0,6.0,152.0,17.0
1,1.6,6.0,1.0,183.0,177.0
3,4.6,32.0,2.0,183.0,151.0
2,13.2,89.0,3.0,183.0,94.0
0,19.6,183.0,4.0,183.0,0.0
1,2.5,13.0,1.0,112.0,99.0
6,4.5,25.0,2.0,112.0,87.0
0,12.6,84.0,3.0,112.0,28.0
5,13.3,85.0,4.0,112.0,27.0
4,13.5,85.0,5.0,112.0,27.0
7,17.3,99.0,6.0,112.0,13.0
3,19.3,109.0,7.0,112.0,3.0
2,19.6,112.0,8.0,112.0,0.0
5,4.1,28.0,1.0,150.0,122.0
6,5.3,33.0,2.0,150.0,117.0
2,7.5,51.0,3.0,150.0,99.0
1,7.6,51.0,4.0,150.0,99.0
3,8.4,52.0,5.0,150.0,98.0
0,14.5,94.0,6.0,150.0,56.0
4,18.6,142.0,7.0,150.0,8.0
7,4.3,15.0,1.0,115.0,100.0
2,8.4,46.0,2.0,115.0,69.0
6,13.1,70.0,3.0,115.0,45.0
3,15.5,95.0,4.0,115.0,20.0
0,16.2,96.0,5.0,115.0,19.0
8,17.1,102.0,6.0,115.0,13.0
4,18.2,106.0,7.0,115.0,9.0
5,18.4,108.0,8.0,115.0,7.0
1,19.4,112.0,9.0,115.0,3.0
2,11.3,83.0,1.0,141.0,58.0
0,12.1,86.0,2.0,141.0,55.0
1,12.5,89.0,3.0,141.0,52.0
3,17.2,113.0,4.0,141.0,28.0
3,0.4,4.0,1.0,120.0,116.0
2,3.2,22.0,2.0,120.0,98.0
1,6.7,45.0,3.0,120.0,75.0
5,13.3,84.0,4.0,120.0,36.0
4,13.6,85.0,5.0,120.0,35.0
0,14.4,89.0,6.0,120.0,31.0
6,17.2,103.0,7.0,120.0,17.0
0,3.5,38.0,1.0,178.0,140.0
1,12.5,111.0,2.0,178.0,67.0
2,18.3,166.0,3.0,178.0,12.0
3,5.4,41.0,1.0,170.0,129.0
0,12.5,97.0,2.0,170.0,73.0
2,19.3,162.0,3.0,170.0,8.0
1,19.6,170.0,4.0,170.0,0.0
0,7.2,61.0,1.0,168.0,107.0
3,9.2,69.0,2.0,168.0,99.0
1,10.4,74.0,3.0,168.0,94.0
2,16.6,131.0,4.0,168.0,37.0
2,3.2,25.0,1.0,166.0,141.0
5,11.5,101.0,2.0,166.0,65.0
0,12.4,108.0,3.0,166.0,58.0
7,15.6,138.0,4.0,166.0,28.0
1,16.5,144.0,5.0,166.0,22.0
6,17.5,151.0,6.0,166.0,15.0
4,19.3,164.0,7.0,166.0,2.0
3,19.6,166.0,8.0,166.0,0.0
1,11.2,102.0,1.0,190.0,88.0
2,15.1,133.0,2.0,190.0,57.0
0,16.6,144.0,3.0,190.0,46.0
8,1.1,3.0,1.0,136.0,133.0
7,1.6,4.0,2.0,136.0,132.0
2,2.4,5.0,3.0,136.0,131.0
0,10.3,49.0,4.0,136.0,87.0
1,16.2,105.0,5.0,136.0,31.0
5,18.3,125.0,6.0,136.0,11.0
6,18.7,129.0,7.0,136.0,7.0
3,19.5,136.0,8.0,136.0,0.0
4,19.6,136.0,9.0,136.0,0.0
6,1.4,2.0,1.0,183.0,181.0
1,2.2,6.0,2.0,183.0,177.0
0,16.4,154.0,3.0,183.0,29.0
7,17.2,156.0,4.0,183.0,27.0
5,18.6,174.0,5.0,183.0,9.0
4,19.1,174.0,6.0,183.0,9.0
2,19.5,183.0,7.0,183.0,0.0
3,19.6,183.0,8.0,183.0,0.0
3,5.2,38.0,1.0,172.0,134.0
1,9.4,74.0,2.0,172.0,98.0
4,11.6,91.0,3.0,172.0,81.0
2,13.3,96.0,4.0,172.0,76.0
0,19.4,167.0,5.0,172.0,5.0
1,5.2,67.0,1.0,106.0,39.0
0,6.1,76.0,2.0,106.0,30.0
5,4.3,25.0,1.0,130.0,105.0
0,7.1,42.0,2.0,130.0,88.0
1,10.4,59.0,3.0,130.0,71.0
6,15.1,89.0,4.0,130.0,41.0
2,16.1,95.0,5.0,130.0,35.0
4,18.1,111.0,6.0,130.0,19.0
3,19.1,121.0,7.0,130.0,9.0
0,7.2,52.0,1.0,192.0,140.0
3,0.6,2.0,1.0,132.0,130.0
1,2.3,3.0,2.0,132.0,129.0
0,10.6,55.0,3.0,132.0,77.0
6,15.4,83.0,4.0,132.0,49.0
4,17.2,111.0,5.0,132.0,21.0
5,17.7,113.0,6.0,132.0,19.0
2,19.3,127.0,7.0,132.0,5.0
1,6.3,44.0,1.0,165.0,121.0
2,8.4,60.0,2.0,165.0,105.0
3,9.4,64.0,3.0,165.0,101.0
0,12.1,87.0,4.0,165.0,78.0
4,15.1,104.0,5.0,165.0,61.0
5,15.3,108.0,6.0,165.0,57.0
6,0.4,4.0,1.0,148.0,144.0
5,1.1,8.0,2.0,148.0,140.0
0,3.2,16.0,3.0,148.0,132.0
3,9.4,52.0,4.0,148.0,96.0
8,15.1,100.0,5.0,148.0,48.0
7,17.6,125.0,6.0,148.0,23.0
4,18.4,133.0,7.0,148.0,15.0
1,19.1,135.0,8.0,148.0,13.0
2,19.3,135.0,9.0,148.0,13.0
3,1.4,4.0,1.0,163.0,159.0
0,16.6,135.0,2.0,163.0,28.0
4,17.6,144.0,3.0,163.0,19.0
1,18.2,145.0,4.0,163.0,18.0
2,18.7,149.0,5.0,163.0,14.0
2,2.6,15.0,1.0,145.0,130.0
1,3.3,16.0,2.0,145.0,129.0
3,4.1,17.0,3.0,145.0,128.0
0,7.1,35.0,4.0,145.0,110.0
1,12.4,123.0,1.0,205.0,82.0
0,16.3,161.0,2.0,205.0,44.0
3,18.4,185.0,3.0,205.0,20.0
2,19.6,205.0,4.0,205.0,0.0
2,0.5,2.0,1.0,133.0,131.0
4,11.3,77.0,2.0,133.0,56.0
3,13.2,82.0,3.0,133.0,51.0
0,16.7,108.0,4.0,133.0,25.0
5,17.3,111.0,5.0,133.0,22.0
1,19.4,130.0,6.0,133.0,3.0
3,3.6,20.0,1.0,115.0,95.0
2,6.5,52.0,2.0,115.0,63.0
5,9.1,60.0,3.0,115.0,55.0
7,11.2,70.0,4.0,115.0,45.0
1,16.3,101.0,5.0,115.0,14.0
0,16.4,101.0,6.0,115.0,14.0
8,17.2,101.0,7.0,115.0,14.0
6,18.5,110.0,8.0,115.0,5.0
4,19.4,113.0,9.0,115.0,2.0
4,0.2,1.0,1.0,166.0,165.0
3,1.4,11.0,2.0,166.0,155.0
0,10.6,75.0,3.0,166.0,91.0
1,16.6,132.0,4.0,166.0,34.0
2,19.5,157.0,5.0,166.0,9.0
2,2.6,22.0,1.0,191.0,169.0
0,6.1,54.0,2.0,191.0,137.0
3,13.1,128.0,3.0,191.0,63.0
4,15.3,144.0,4.0,191.0,47.0
1,16.5,159.0,5.0,191.0,32.0
2,3.2,23.0,1.0,177.0,154.0
0,10.6,77.0,2.0,177.0,100.0
1,14.4,108.0,3.0,177.0,69.0
6,17.2,141.0,4.0,177.0,36.0
4,18.4,156.0,5.0,177.0,21.0
5,18.6,162.0,6.0,177.0,15.0
3,19.6,173.0,7.0,177.0,4.0
1,6.4,51.0,1.0,193.0,142.0
0,10.6,86.0,2.0,193.0,107.0
5,15.3,154.0,3.0,193.0,39.0
4,17.7,179.0,4.0,193.0,14.0
3,19.2,189.0,5.0,193.0,4.0
2,19.6,193.0,6.0,193.0,0.0
5,5.3,35.0,1.0,140.0,105.0
0,7.2,59.0,2.0,140.0,81.0
3,8.2,64.0,3.0,140.0,76.0
1,10.1,71.0,4.0,140.0,69.0
4,11.1,74.0,5.0,140.0,66.0
2,14.5,101.0,6.0,140.0,39.0
2,0.3,1.0,1.0,150.0,149.0
1,1.2,10.0,2.0,150.0,140.0
4,11.3,90.0,3.0,150.0,60.0
3,11.5,90.0,4.0,150.0,60.0
6,15.2,107.0,5.0,150.0,43.0
5,17.1,129.0,6.0,150.0,21.0
0,19.7,150.0,7.0,150.0,0.0
0,6.2,56.0,1.0,184.0,128.0
3,1.6,11.0,1.0,141.0,130.0
4,4.4,25.0,2.0,141.0,116.0
6,15.2,109.0,3.0,141.0,32.0
5,17.4,123.0,4.0,141.0,18.0
0,18.1,125.0,5.0,141.0,16.0
1,18.4,127.0,6.0,141.0,14.0
2,18.6,127.0,7.0,141.0,14.0
7,0.4,1.0,1.0,70.0,69.0
6,0.5,1.0,2.0,70.0,69.0
4,2.1,5.0,3.0,70.0,65.0
3,2.2,5.0,4.0,70.0,65.0
9,5.3,17.0,5.0,70.0,53.0
5,8.4,28.0,6.0,70.0,42.0
0,10.3,46.0,7.0,70.0,24.0
8,13.6,62.0,8.0,70.0,8.0
2,14.3,70.0,9.0,70.0,0.0
1,14.6,70.0,10.0,70.0,0.0
5,1.5,9.0,1.0,132.0,123.0
8,4.1,28.0,2.0,132.0,104.0
0,7.4,58.0,3.0,132.0,74.0
1,9.4,74.0,4.0,132.0,58.0
7,13.4,101.0,5.0,132.0,31.0
6,13.6,103.0,6.0,132.0,29.0
2,18.1,126.0,7.0,132.0,6.0
3,18.2,126.0,8.0,132.0,6.0
4,18.4,126.0,9.0,132.0,6.0
5,1.4,10.0,1.0,125.0,115.0
1,3.3,17.0,2.0,125.0,108.0
0,6.4,39.0,3.0,125.0,86.0
3,8.6,46.0,4.0,125.0,79.0
6,13.5,63.0,5.0,125.0,62.0
4,18.4,103.0,6.0,125.0,22.0
2,19.5,124.0,7.0,125.0,1.0
2,2.2,15.0,1.0,145.0,130.0
3,2.4,15.0,2.0,145.0,130.0
0,10.3,67.0,3.0,145.0,78.0
1,14.6,98.0,4.0,145.0,47.0
4,17.2,109.0,5.0,145.0,36.0
6,1.2,21.0,1.0,124.0,103.0
5,1.4,25.0,2.0,124.0,99.0
2,2.6,26.0,3.0,124.0,98.0
1,3.5,26.0,4.0,124.0,98.0
4,9.2,67.0,5.0,124.0,57.0
7,13.2,93.0,6.0,124.0,31.0
0,14.3,97.0,7.0,124.0,27.0
3,19.1,120.0,8.0,124.0,4.0
0,2.1,13.0,1.0,152.0,139.0
1,8.3,54.0,2.0,152.0,98.0
4,15.6,118.0,3.0,152.0,34.0
3,17.2,128.0,4.0,152.0,24.0
2,19.3,145.0,5.0,152.0,7.0
0,2.4,21.0,1.0,172.0,151.0
4,4.6,38.0,2.0,172.0,134.0
3,18.2,149.0,3.0,172.0,23.0
2,18.8,161.0,4.0,172.0,11.0
1,19.2,162.0,5.0,172.0,10.0
2,2.3,20.0,1.0,148.0,128.0
0,10.4,90.0,2.0,148.0,58.0
1,14.3,119.0,3.0,148.0,29.0
1,2.1,13.0,1.0,168.0,155.0
0,3.3,24.0,2.0,168.0,144.0
4,11.5,93.0,3.0,168.0,75.0
3,15.5,130.0,4.0,168.0,38.0
2,19.3,165.0,5.0,168.0,3.0
3,4.1,33.0,1.0,152.0,119.0
2,9.3,69.0,2.0,152.0,83.0
1,9.6,71.0,3.0,152.0,81.0
4,15.2,95.0,4.0,152.0,57.0
0,19.3,141.0,5.0,152.0,11.0
2,2.5,20.0,1.0,155.0,135.0
1,3.6,29.0,2.0,155.0,126.0
0,12.6,91.0,3.0,155.0,64.0
5,15.6,115.0,4.0,155.0,40.0
4,18.7,149.0,5.0,155.0,6.0
3,19.4,150.0,6.0,155.0,5.0
0,6.3,52.0,1.0,170.0,118.0
5,13.4,105.0,2.0,170.0,65.0
1,16.2,136.0,3.0,170.0,34.0
4,18.3,153.0,4.0,170.0,17.0
3,19.3,163.0,5.0,170.0,7.0
2,19.4,163.0,6.0,170.0,7.0
3,4.1,36.0,1.0,178.0,142.0
4,4.3,37.0,2.0,178.0,141.0
0,12.6,108.0,3.0,178.0,70.0
2,13.6,119.0,4.0,178.0,59.0
1,14.2,120.0,5.0,178.0,58.0
1,3.1,25.0,1.0,187.0,162.0
0,7.7,71.0,2.0,187.0,116.0
3,8.7,77.0,3.0,187.0,110.0
4,9.4,84.0,4.0,187.0,103.0
2,19.5,181.0,5.0,187.0,6.0
0,2.3,14.0,1.0,160.0,146.0
4,5.3,26.0,2.0,160.0,134.0
1,8.6,61.0,3.0,160.0,99.0
3,11.5,85.0,4.0,160.0,75.0
2,15.5,105.0,5.0,160.0,55.0
1,4.3,33.0,1.0,231.0,198.0
0,5.2,38.0,2.0,231.0,193.0
3,15.7,173.0,3.0,231.0,58.0
2,17.2,182.0,4.0,231.0,49.0
3,3.6,37.0,1.0,134.0,97.0
0,6.3,55.0,2.0,134.0,79.0
6,8.6,67.0,3.0,134.0,67.0
8,11.5,85.0,4.0,134.0,49.0
4,12.5,89.0,5.0,134.0,45.0
2,16.1,106.0,6.0,134.0,28.0
1,16.2,106.0,7.0,134.0,28.0
7,19.3,125.0,8.0,134.0,9.0
5,19.5,129.0,9.0,134.0,5.0
5,5.8,60.0,1.0,198.0,138.0
0,6.5,68.0,2.0,198.0,130.0
3,8.5,93.0,3.0,198.0,105.0
7,11.4,116.0,4.0,198.0,82.0
1,16.3,170.0,5.0,198.0,28.0
6,17.5,184.0,6.0,198.0,14.0
4,19.2,189.0,7.0,198.0,9.0
2,19.4,193.0,8.0,198.0,5.0
3,2.4,10.0,1.0,143.0,133.0
0,6.3,54.0,2.0,143.0,89.0
5,8.5,73.0,3.0,143.0,70.0
2,16.1,128.0,4.0,143.0,15.0
1,16.5,132.0,5.0,143.0,11.0
6,18.6,139.0,6.0,143.0,4.0
4,19.6,143.0,7.0,143.0,0.0
0,2.5,16.0,1.0,157.0,141.0
3,11.5,77.0,2.0,157.0,80.0
5,17.4,122.0,3.0,157.0,35.0
4,17.7,129.0,4.0,157.0,28.0
1,18.1,129.0,5.0,157.0,28.0
2,19.7,157.0,6.0,157.0,0.0
5,1.3,17.0,1.0,149.0,132.0
6,5.1,48.0,2.0,149.0,101.0
0,10.3,87.0,3.0,149.0,62.0
2,14.3,112.0,4.0,149.0,37.0
7,15.2,120.0,5.0,149.0,29.0
1,16.6,127.0,6.0,149.0,22.0
3,19.5,148.0,7.0,149.0,1.0
4,19.6,149.0,8.0,149.0,0.0
1,2.3,6.0,1.0,190.0,184.0
0,7.4,38.0,2.0,190.0,152.0
3,8.1,40.0,3.0,190.0,150.0
4,18.6,172.0,4.0,190.0,18.0
2,19.4,186.0,5.0,190.0,4.0
2,4.6,31.0,1.0,157.0,126.0
0,9.5,70.0,2.0,157.0,87.0
1,18.5,133.0,3.0,157.0,24.0
0,7.7,60.0,1.0,148.0,88.0
2,10.4,86.0,2.0,148.0,62.0
1,12.4,99.0,3.0,148.0,49.0
3,14.6,114.0,4.0,148.0,34.0
7,17.2,133.0,5.0,148.0,15.0
5,18.1,136.0,6.0,148.0,12.0
6,18.3,137.0,7.0,148.0,11.0
4,19.4,147.0,8.0,148.0,1.0
3,5.3,33.0,1.0,186.0,153.0
2,8.1,45.0,2.0,186.0,141.0
0,12.3,94.0,3.0,186.0,92.0
1,14.2,107.0,4.0,186.0,79.0
0,8.1,65.0,1.0,205.0,140.0
4,11.2,88.0,2.0,205.0,117.0
2,18.2,169.0,3.0,205.0,36.0
3,18.6,183.0,4.0,205.0,22.0
1,19.3,196.0,5.0,205.0,9.0
0,2.2,12.0,1.0,141.0,129.0
3,5.1,35.0,2.0,141.0,106.0
2,11.5,70.0,3.0,141.0,71.0
4,15.7,115.0,4.0,141.0,26.0
1,19.2,138.0,5.0,141.0,3.0
5,5.3,44.0,1.0,201.0,157.0
0,10.3,93.0,2.0,201.0,108.0
1,16.6,167.0,3.0,201.0,34.0
3,17.3,168.0,4.0,201.0,33.0
4,17.6,169.0,5.0,201.0,32.0
2,19.7,201.0,6.0,201.0,0.0
3,4.2,29.0,1.0,138.0,109.0
2,4.4,29.0,2.0,138.0,109.0
1,14.4,104.0,3.0,138.0,34.0
0,16.2,115.0,4.0,138.0,23.0
5,1.3,14.0,1.0,142.0,128.0
7,5.4,41.0,2.0,142.0,101.0
2,8.3,64.0,3.0,142.0,78.0
0,12.4,98.0,4.0,142.0,44.0
6,13.2,104.0,5.0,142.0,38.0
4,18.1,129.0,6.0,142.0,13.0
1,19.4,139.0,7.0,142.0,3.0
3,19.8,142.0,8.0,142.0,0.0
1,14.3,120.0,1.0,178.0,58.0
0,14.6,122.0,2.0,178.0,56.0
2,19.6,178.0,3.0,178.0,0.0
2,2.4,13.0,1.0,164.0,151.0
0,10.3,84.0,2.0,164.0,80.0
1,16.5,140.0,3.0,164.0,24.0
5,17.1,144.0,4.0,164.0,20.0
6,17.5,151.0,5.0,164.0,13.0
3,18.1,155.0,6.0,164.0,9.0
4,18.4,158.0,7.0,164.0,6.0
3,0.5,5.0,1.0,160.0,155.0
5,5.1,23.0,2.0,160.0,137.0
0,12.2,80.0,3.0,160.0,80.0
4,17.3,141.0,4.0,160.0,19.0
2,18.1,146.0,5.0,160.0,14.0
1,19.6,160.0,6.0,160.0,0.0
2,1.2,5.0,1.0,154.0,149.0
0,10.3,60.0,2.0,154.0,94.0
1,16.3,122.0,3.0,154.0,32.0
3,17.3,129.0,4.0,154.0,25.0
4,2.1,23.0,1.0,156.0,133.0
7,9.2,87.0,2.0,156.0,69.0
0,10.4,92.0,3.0,156.0,64.0
1,10.6,93.0,4.0,156.0,63.0
3,14.4,105.0,5.0,156.0,51.0
2,16.1,116.0,6.0,156.0,40.0
6,19.3,154.0,7.0,156.0,2.0
5,19.5,155.0,8.0,156.0,1.0
3,0.5,5.0,1.0,195.0,190.0
1,3.4,23.0,2.0,195.0,172.0
0,6.6,56.0,3.0,195.0,139.0
2,18.4,177.0,4.0,195.0,18.0
1,3.3,33.0,1.0,185.0,152.0
0,6.5,68.0,2.0,185.0,117.0
2,8.4,77.0,3.0,185.0,108.0
0,7.7,87.0,1.0,173.0,86.0
7,11.6,120.0,2.0,173.0,53.0
3,14.2,140.0,3.0,173.0,33.0
2,14.4,141.0,4.0,173.0,32.0
9,15.4,151.0,5.0,173.0,22.0
1,16.3,157.0,6.0,173.0,16.0
8,17.2,161.0,7.0,173.0,12.0
5,18.2,168.0,8.0,173.0,5.0
6,18.6,171.0,9.0,173.0,2.0
4,19.4,173.0,10.0,173.0,0.0
2,2.2,24.0,1.0,179.0,155.0
0,6.3,54.0,2.0,179.0,125.0
3,13.1,113.0,3.0,179.0,66.0
1,14.4,119.0,4.0,179.0,60.0
1,0.5,2.0,1.0,154.0,152.0
3,4.5,31.0,2.0,154.0,123.0
5,5.4,33.0,3.0,154.0,121.0
2,13.6,88.0,4.0,154.0,66.0
4,17.4,130.0,5.0,154.0,24.0
0,19.3,150.0,6.0,154.0,4.0
6,0.3,5.0,1.0,160.0,155.0
3,7.6,69.0,2.0,160.0,91.0
2,12.2,89.0,3.0,160.0,71.0
1,14.6,121.0,4.0,160.0,39.0
0,16.3,127.0,5.0,160.0,33.0
4,19.4,155.0,6.0,160.0,5.0
5,19.5,155.0,7.0,160.0,5.0
2,2.2,13.0,1.0,115.0,102.0
6,5.2,44.0,2.0,115.0,71.0
9,5.6,44.0,3.0,115.0,71.0
3,9.4,67.0,4.0,115.0,48.0
1,12.3,91.0,5.0,115.0,24.0
5,13.4,93.0,6.0,115.0,22.0
0,16.6,110.0,7.0,115.0,5.0
7,17.2,111.0,8.0,115.0,4.0
8,17.6,115.0,9.0,115.0,0.0
4,18.1,115.0,10.0,115.0,0.0
2,5.3,34.0,1.0,189.0,155.0
0,14.6,134.0,2.0,189.0,55.0
3,15.3,136.0,3.0,189.0,53.0
1,19.6,185.0,4.0,189.0,4.0
6,1.2,2.0,1.0,163.0,161.0
3,8.2,67.0,2.0,163.0,96.0
4,8.5,67.0,3.0,163.0,96.0
1,14.2,108.0,4.0,163.0,55.0
0,14.3,108.0,5.0,163.0,55.0
7,17.6,145.0,6.0,163.0,18.0
5,18.4,147.0,7.0,163.0,16.0
2,19.5,159.0,8.0,163.0,4.0
4,9.4,76.0,1.0,173.0,97.0
0,12.1,99.0,2.0,173.0,74.0
1,16.4,143.0,3.0,173.0,30.0
7,17.3,150.0,4.0,173.0,23.0
5,18.4,163.0,5.0,173.0,10.0
6,18.6,164.0,6.0,173.0,9.0
3,19.1,164.0,7.0,173.0,9.0
2,19.4,166.0,8.0,173.0,7.0
1,10.4,110.0,1.0,226.0,116.0
0,12.8,148.0,2.0,226.0,78.0
4,18.1,211.0,3.0,226.0,15.0
5,18.6,218.0,4.0,226.0,8.0
3,19.3,225.0,5.0,226.0,1.0
2,19.6,226.0,6.0,226.0,0.0
0,3.4,23.0,1.0,199.0,176.0
3,5.1,30.0,2.0,199.0,169.0
1,17.1,159.0,3.0,199.0,40.0
2,17.6,170.0,4.0,199.0,29.0
0,1.3,8.0,1.0,168.0,160.0
1,4.7,37.0,2.0,168.0,131.0
2,5.2,37.0,3.0,168.0,131.0
5,1.2,20.0,1.0,150.0,130.0
2,3.6,38.0,2.0,150.0,112.0
4,8.1,71.0,3.0,150.0,79.0
1,12.2,100.0,4.0,150.0,50.0
6,15.2,117.0,5.0,150.0,33.0
0,16.4,120.0,6.0,150.0,30.0
3,19.5,148.0,7.0,150.0,2.0
5,1.3,5.0,1.0,162.0,157.0
3,2.5,14.0,2.0,162.0,148.0
6,5.6,35.0,3.0,162.0,127.0
0,10.2,74.0,4.0,162.0,88.0
1,10.6,75.0,5.0,162.0,87.0
2,16.4,126.0,6.0,162.0,36.0
4,19.3,160.0,7.0,162.0,2.0
0,8.1,75.0,1.0,209.0,134.0
3,13.3,135.0,2.0,209.0,74.0
2,19.2,198.0,3.0,209.0,11.0
1,19.3,198.0,4.0,209.0,11.0
0,10.4,81.0,1.0,177.0,96.0
5,13.2,103.0,2.0,177.0,74.0
2,16.1,131.0,3.0,177.0,46.0
1,16.2,131.0,4.0,177.0,46.0
4,19.1,163.0,5.0,177.0,14.0
3,19.6,173.0,6.0,177.0,4.0
2,4.4,45.0,1.0,184.0,139.0
0,10.7,93.0,2.0,184.0,91.0
1,16.3,138.0,3.0,184.0,46.0
1,6.4,60.0,1.0,177.0,117.0
2,7.4,68.0,2.0,177.0,109.0
0,10.2,88.0,3.0,177.0,89.0
4,15.3,134.0,4.0,177.0,43.0
3,17.1,150.0,5.0,177.0,27.0
8,5.3,43.0,1.0,166.0,123.0
0,10.1,77.0,2.0,166.0,89.0
6,11.5,93.0,3.0,166.0,73.0
7,11.6,93.0,4.0,166.0,73.0
9,15.6,125.0,5.0,166.0,41.0
4,18.2,152.0,6.0,166.0,14.0
3,18.3,152.0,7.0,166.0,14.0
5,18.6,155.0,8.0,166.0,11.0
2,19.3,165.0,9.0,166.0,1.0
1,19.5,166.0,10.0,166.0,0.0
1,3.3,24.0,1.0,164.0,140.0
5,4.4,27.0,2.0,164.0,137.0
0,6.3,31.0,3.0,164.0,133.0
3,9.5,45.0,4.0,164.0,119.0
4,18.6,149.0,5.0,164.0,15.0
2,19.4,161.0,6.0,164.0,3.0
6,0.1,0.0,1.0,165.0,165.0
2,3.3,43.0,2.0,165.0,122.0
8,5.1,64.0,3.0,165.0,101.0
7,5.5,69.0,4.0,165.0,96.0
1,6.5,72.0,5.0,165.0,93.0
0,16.3,129.0,6.0,165.0,36.0
4,18.3,154.0,7.0,165.0,11.0
5,18.5,160.0,8.0,165.0,5.0
3,19.1,160.0,9.0,165.0,5.0
5,4.6,33.0,1.0,165.0,132.0
4,13.5,104.0,2.0,165.0,61.0
1,14.7,115.0,3.0,165.0,50.0
6,15.6,131.0,4.0,165.0,34.0
0,16.7,137.0,5.0,165.0,28.0
2,19.5,165.0,6.0,165.0,0.0
3,19.6,165.0,7.0,165.0,0.0
2,3.6,25.0,1.0,127.0,102.0
3,4.7,35.0,2.0,127.0,92.0
4,5.1,35.0,3.0,127.0,92.0
1,14.1,87.0,4.0,127.0,40.0
0,16.3,96.0,5.0,127.0,31.0
6,0.4,1.0,1.0,183.0,182.0
2,2.5,6.0,2.0,183.0,177.0
1,3.4,12.0,3.0,183.0,171.0
5,9.3,57.0,4.0,183.0,126.0
0,14.6,132.0,5.0,183.0,51.0
3,19.4,181.0,6.0,183.0,2.0
4,19.5,181.0,7.0,183.0,2.0
1,2.1,15.0,1.0,167.0,152.0
2,11.3,93.0,2.0,167.0,74.0
3,15.6,132.0,3.0,167.0,35.0
0,16.1,132.0,4.0,167.0,35.0
4,0.4,0.0,1.0,155.0,155.0
0,3.5,23.0,2.0,155.0,132.0
6,4.2,27.0,3.0,155.0,128.0
7,11.5,90.0,4.0,155.0,65.0
5,13.6,107.0,5.0,155.0,48.0
8,17.3,131.0,6.0,155.0,24.0
3,18.6,146.0,7.0,155.0,9.0
1,19.4,154.0,8.0,155.0,1.0
2,19.6,155.0,9.0,155.0,0.0
1,2.2,15.0,1.0,156.0,141.0
3,5.3,38.0,2.0,156.0,118.0
0,6.2,39.0,3.0,156.0,117.0
2,9.1,65.0,4.0,156.0,91.0
5,5.5,47.0,1.0,209.0,162.0
4,13.4,119.0,2.0,209.0,90.0
6,17.4,182.0,3.0,209.0,27.0
2,18.2,188.0,4.0,209.0,21.0
1,18.3,188.0,5.0,209.0,21.0
3,18.5,192.0,6.0,209.0,17.0
0,19.7,209.0,7.0,209.0,0.0
4,1.2,3.0,1.0,146.0,143.0
6,4.3,22.0,2.0,146.0,124.0
2,8.4,58.0,3.0,146.0,88.0
5,13.5,95.0,4.0,146.0,51.0
0,14.6,103.0,5.0,146.0,43.0
7,17.7,123.0,6.0,146.0,23.0
3,19.2,145.0,7.0,146.0,1.0
1,19.6,146.0,8.0,146.0,0.0
3,11.3,95.0,1.0,191.0,96.0
0,14.6,136.0,2.0,191.0,55.0
5,15.3,137.0,3.0,191.0,54.0
4,17.5,162.0,4.0,191.0,29.0
2,18.2,166.0,5.0,191.0,25.0
1,19.1,175.0,6.0,191.0,16.0
1,14.2,130.0,1.0,176.0,46.0
0,16.1,143.0,2.0,176.0,33.0
3,18.3,162.0,3.0,176.0,14.0
2,19.2,170.0,4.0,176.0,6.0
5,1.5,12.0,1.0,181.0,169.0
3,8.5,70.0,2.0,181.0,111.0
1,12.5,124.0,3.0,181.0,57.0
0,14.1,132.0,4.0,181.0,49.0
7,15.2,135.0,5.0,181.0,46.0
6,17.3,156.0,6.0,181.0,25.0
4,18.3,168.0,7.0,181.0,13.0
2,19.4,177.0,8.0,181.0,4.0
2,0.3,2.0,1.0,190.0,188.0
0,16.4,156.0,2.0,190.0,34.0
3,17.7,174.0,3.0,190.0,16.0
1,19.3,187.0,4.0,190.0,3.0
4,4.6,36.0,1.0,130.0,94.0
8,5.4,46.0,2.0,130.0,84.0
2,9.5,72.0,3.0,130.0,58.0
5,11.3,84.0,4.0,130.0,46.0
0,12.4,89.0,5.0,130.0,41.0
6,17.1,119.0,6.0,130.0,11.0
7,17.5,121.0,7.0,130.0,9.0
3,18.5,126.0,8.0,130.0,4.0
1,19.1,127.0,9.0,130.0,3.0
7,5.4,42.0,1.0,157.0,115.0
0,6.6,49.0,2.0,157.0,108.0
2,12.3,100.0,3.0,157.0,57.0
5,13.5,108.0,4.0,157.0,49.0
1,16.4,126.0,5.0,157.0,31.0
6,17.4,128.0,6.0,157.0,29.0
3,19.1,149.0,7.0,157.0,8.0
4,19.2,149.0,8.0,157.0,8.0
1,4.4,50.0,1.0,192.0,142.0
0,12.1,116.0,2.0,192.0,76.0
2,15.2,144.0,3.0,192.0,48.0
6,0.6,2.0,1.0,95.0,93.0
9,5.3,36.0,2.0,95.0,59.0
4,6.2,39.0,3.0,95.0,56.0
1,6.3,39.0,4.0,95.0,56.0
0,12.1,67.0,5.0,95.0,28.0
7,13.4,72.0,6.0,95.0,23.0
3,14.6,85.0,7.0,95.0,10.0
2,16.3,90.0,8.0,95.0,5.0
8,17.3,92.0,9.0,95.0,3.0
5,18.2,95.0,10.0,95.0,0.0
3,1.5,10.0,1.0,150.0,140.0
5,5.6,56.0,2.0,150.0,94.0
1,9.5,76.0,3.0,150.0,74.0
0,16.4,121.0,4.0,150.0,29.0
4,17.2,123.0,5.0,150.0,27.0
2,19.2,136.0,6.0,150.0,14.0
5,4.3,38.0,1.0,171.0,133.0
3,8.6,63.0,2.0,171.0,108.0
6,11.4,82.0,3.0,171.0,89.0
1,14.5,108.0,4.0,171.0,63.0
0,16.4,128.0,5.0,171.0,43.0
4,18.6,153.0,6.0,171.0,18.0
2,19.6,171.0,7.0,171.0,0.0
4,0.4,10.0,1.0,200.0,190.0
1,2.2,19.0,2.0,200.0,181.0
6,11.1,93.0,3.0,200.0,107.0
5,13.5,124.0,4.0,200.0,76.0
0,16.3,152.0,5.0,200.0,48.0
3,18.6,184.0,6.0,200.0,16.0
2,19.6,200.0,7.0,200.0,0.0
4,4.4,42.0,1.0,134.0,92.0
1,8.4,64.0,2.0,134.0,70.0
2,9.4,67.0,3.0,134.0,67.0
5,11.3,81.0,4.0,134.0,53.0
0,12.6,88.0,5.0,134.0,46.0
3,18.5,124.0,6.0,134.0,10.0
7,0.2,1.0,1.0,118.0,117.0
6,1.1,6.0,2.0,118.0,112.0
1,2.6,10.0,3.0,118.0,108.0
0,3.3,10.0,4.0,118.0,108.0
5,7.6,37.0,5.0,118.0,81.0
2,9.5,45.0,6.0,118.0,73.0
3,18.1,102.0,7.0,118.0,16.0
4,18.4,104.0,8.0,118.0,14.0
4,4.5,43.0,1.0,187.0,144.0
3,9.1,73.0,2.0,187.0,114.0
0,10.4,84.0,3.0,187.0,103.0
1,14.5,120.0,4.0,187.0,67.0
2,19.4,181.0,5.0,187.0,6.0
0,3.5,33.0,1.0,111.0,78.0
3,6.5,71.0,2.0,111.0,40.0
2,8.4,96.0,3.0,111.0,15.0
1,9.1,102.0,4.0,111.0,9.0
4,8.1,86.0,1.0,192.0,106.0
5,9.6,107.0,2.0,192.0,85.0
0,12.6,131.0,3.0,192.0,61.0
1,16.1,156.0,4.0,192.0,36.0
6,17.2,163.0,5.0,192.0,29.0
2,19.4,188.0,6.0,192.0,4.0
3,19.6,192.0,7.0,192.0,0.0
0,12.2,111.0,1.0,172.0,61.0
2,17.6,154.0,2.0,172.0,18.0
1,19.3,166.0,3.0,172.0,6.0
0,6.5,52.0,1.0,189.0,137.0
1,18.2,165.0,2.0,189.0,24.0
6,0.6,0.0,1.0,148.0,148.0
8,5.3,34.0,2.0,148.0,114.0
1,14.1,98.0,3.0,148.0,50.0
0,14.6,101.0,4.0,148.0,47.0
7,17.1,122.0,5.0,148.0,26.0
4,18.3,139.0,6.0,148.0,9.0
2,19.4,147.0,7.0,148.0,1.0
3,19.6,148.0,8.0,148.0,0.0
5,19.7,148.0,9.0,148.0,0.0
2,6.2,57.0,1.0,167.0,110.0
0,10.6,81.0,2.0,167.0,86.0
4,11.6,86.0,3.0,167.0,81.0
3,13.5,105.0,4.0,167.0,62.0
1,14.6,111.0,5.0,167.0,56.0
5,17.3,139.0,6.0,167.0,28.0
6,17.6,145.0,7.0,167.0,22.0
2,0.1,0.0,1.0,152.0,152.0
4,5.1,43.0,2.0,152.0,109.0
0,6.4,50.0,3.0,152.0,102.0
3,11.2,78.0,4.0,152.0,74.0
5,15.4,102.0,5.0,152.0,50.0
1,18.6,143.0,6.0,152.0,9.0
1,11.2,119.0,1.0,226.0,107.0
0,16.7,190.0,2.0,226.0,36.0
2,17.4,199.0,3.0,226.0,27.0
2,4.3,48.0,1.0,201.0,153.0
0,10.3,89.0,2.0,201.0,112.0
1,14.2,127.0,3.0,201.0,74.0
3,17.4,180.0,4.0,201.0,21.0
3,4.5,44.0,1.0,158.0,114.0
1,8.4,64.0,2.0,158.0,94.0
2,9.1,65.0,3.0,158.0,93.0
4,15.2,104.0,4.0,158.0,54.0
0,19.6,158.0,5.0,158.0,0.0
4,5.5,45.0,1.0,183.0,138.0
0,10.5,78.0,2.0,183.0,105.0
2,16.3,143.0,3.0,183.0,40.0
1,16.6,149.0,4.0,183.0,34.0
3,19.3,169.0,5.0,183.0,14.0
2,3.5,29.0,1.0,163.0,134.0
3,4.1,31.0,2.0,163.0,132.0
0,10.4,64.0,3.0,163.0,99.0
1,14.6,99.0,4.0,163.0,64.0
0,3.1,20.0,1.0,235.0,215.0
2,2.4,12.0,1.0,157.0,145.0
1,3.4,15.0,2.0,157.0,142.0
0,16.3,116.0,3.0,157.0,41.0
3,17.2,129.0,4.0,157.0,28.0
4,17.3,129.0,5.0,157.0,28.0
0,6.1,56.0,1.0,185.0,129.0
1,13.4,121.0,2.0,185.0,64.0
4,15.2,140.0,3.0,185.0,45.0
3,17.1,157.0,4.0,185.0,28.0
2,17.2,157.0,5.0,185.0,28.0
5,5.6,16.0,1.0,119.0,103.0
0,8.1,34.0,2.0,119.0,85.0
1,9.2,46.0,3.0,119.0,73.0
4,15.2,83.0,4.0,119.0,36.0
3,17.3,105.0,5.0,119.0,14.0
2,18.1,110.0,6.0,119.0,9.0
0,2.1,34.0,1.0,106.0,72.0
3,4.2,50.0,2.0,106.0,56.0
1,4.4,54.0,3.0,106.0,52.0
2,5.5,71.0,4.0,106.0,35.0
4,8.5,99.0,5.0,106.0,7.0
5,9.3,102.0,6.0,106.0,4.0
2,4.2,29.0,1.0,171.0,142.0
1,5.5,42.0,2.0,171.0,129.0
0,6.3,47.0,3.0,171.0,124.0
3,11.4,79.0,4.0,171.0,92.0
0,2.2,19.0,1.0,135.0,116.0
1,9.3,122.0,2.0,135.0,13.0
2,10.6,135.0,3.0,135.0,0.0
0,2.2,16.0,1.0,130.0,114.0
5,4.1,31.0,2.0,130.0,99.0
6,5.1,35.0,3.0,130.0,95.0
1,8.4,53.0,4.0,130.0,77.0
2,9.5,55.0,5.0,130.0,75.0
4,13.5,78.0,6.0,130.0,52.0
3,18.6,122.0,7.0,130.0,8.0
1,6.7,80.0,1.0,199.0,119.0
0,10.5,110.0,2.0,199.0,89.0
3,12.5,122.0,3.0,199.0,77.0
2,14.3,140.0,4.0,199.0,59.0
5,17.6,180.0,5.0,199.0,19.0
4,19.6,199.0,6.0,199.0,0.0
1,6.2,55.0,1.0,187.0,132.0
3,11.2,110.0,2.0,187.0,77.0
2,13.5,137.0,3.0,187.0,50.0
0,14.2,139.0,4.0,187.0,48.0
4,15.2,141.0,5.0,187.0,46.0
6,0.6,7.0,1.0,113.0,106.0
5,1.1,7.0,2.0,113.0,106.0
8,5.3,23.0,3.0,113.0,90.0
3,9.2,51.0,4.0,113.0,62.0
4,9.3,51.0,5.0,113.0,62.0
0,12.1,61.0,6.0,113.0,52.0
9,15.4,84.0,7.0,113.0,29.0
1,16.3,86.0,8.0,113.0,27.0
7,17.3,91.0,9.0,113.0,22.0
2,19.6,113.0,10.0,113.0,0.0
0,10.4,90.0,1.0,187.0,97.0
4,13.4,113.0,2.0,187.0,74.0
5,15.4,137.0,3.0,187.0,50.0
1,16.1,139.0,4.0,187.0,48.0
3,18.7,164.0,5.0,187.0,23.0
2,19.7,185.0,6.0,187.0,2.0
3,5.6,41.0,1.0,180.0,139.0
0,7.3,46.0,2.0,180.0,134.0
2,18.4,159.0,3.0,180.0,21.0
1,19.3,177.0,4.0,180.0,3.0
7,4.1,23.0,1.0,139.0,116.0
6,4.6,25.0,2.0,139.0,114.0
0,7.1,36.0,3.0,139.0,103.0
5,13.4,80.0,4.0,139.0,59.0
1,16.2,107.0,5.0,139.0,32.0
4,18.2,125.0,6.0,139.0,14.0
2,19.4,138.0,7.0,139.0,1.0
3,19.6,139.0,8.0,139.0,0.0
3,0.5,1.0,1.0,202.0,201.0
4,11.6,120.0,2.0,202.0,82.0
0,12.1,120.0,3.0,202.0,82.0
2,18.5,191.0,4.0,202.0,11.0
1,19.2,191.0,5.0,202.0,11.0
4,1.1,8.0,1.0,121.0,113.0
2,3.5,29.0,2.0,121.0,92.0
6,4.1,29.0,3.0,121.0,92.0
5,4.6,30.0,4.0,121.0,91.0
0,7.1,40.0,5.0,121.0,81.0
1,10.6,51.0,6.0,121.0,70.0
7,15.1,68.0,7.0,121.0,53.0
3,18.5,96.0,8.0,121.0,25.0
2,2.2,24.0,1.0,98.0,74.0
3,2.6,25.0,2.0,98.0,73.0
6,4.6,31.0,3.0,98.0,67.0
8,5.3,35.0,4.0,98.0,63.0
4,9.6,55.0,5.0,98.0,43.0
0,10.6,67.0,6.0,98.0,31.0
1,12.4,84.0,7.0,98.0,14.0
5,13.1,84.0,8.0,98.0,14.0
9,15.4,92.0,9.0,98.0,6.0
7,17.4,98.0,10.0,98.0,0.0
2,8.3,78.0,1.0,161.0,83.0
0,10.4,91.0,2.0,161.0,70.0
4,11.5,101.0,3.0,161.0,60.0
5,11.7,102.0,4.0,161.0,59.0
3,19.3,157.0,5.0,161.0,4.0
1,19.4,157.0,6.0,161.0,4.0
0,1.3,6.0,1.0,227.0,221.0
3,15.6,163.0,2.0,227.0,64.0
1,17.2,183.0,3.0,227.0,44.0
2,17.3,183.0,4.0,227.0,44.0
0,3.4,21.0,1.0,187.0,166.0
3,13.4,121.0,2.0,187.0,66.0
4,17.2,164.0,3.0,187.0,23.0
2,18.1,170.0,4.0,187.0,17.0
1,19.5,183.0,5.0,187.0,4.0
1,3.5,27.0,1.0,163.0,136.0
3,13.6,113.0,2.0,163.0,50.0
4,15.4,132.0,3.0,163.0,31.0
0,16.2,134.0,4.0,163.0,29.0
2,18.4,143.0,5.0,163.0,20.0
6,1.3,8.0,1.0,111.0,103.0
0,6.1,37.0,2.0,111.0,74.0
3,8.1,52.0,3.0,111.0,59.0
4,8.4,52.0,4.0,111.0,59.0
1,10.4,59.0,5.0,111.0,52.0
2,12.6,65.0,6.0,111.0,46.0
8,15.1,73.0,7.0,111.0,38.0
7,17.1,90.0,8.0,111.0,21.0
5,18.5,99.0,9.0,111.0,12.0
1,2.4,18.0,1.0,142.0,124.0
0,3.2,23.0,2.0,142.0,119.0
6,5.6,36.0,3.0,142.0,106.0
3,9.4,50.0,4.0,142.0,92.0
5,17.3,117.0,5.0,142.0,25.0
4,18.4,128.0,6.0,142.0,14.0
2,19.5,141.0,7.0,142.0,1.0
7,1.3,7.0,1.0,143.0,136.0
3,3.3,19.0,2.0,143.0,124.0
5,8.6,51.0,3.0,143.0,92.0
0,10.1,59.0,4.0,143.0,84.0
2,12.6,77.0,5.0,143.0,66.0
6,15.5,88.0,6.0,143.0,55.0
1,16.7,99.0,7.0,143.0,44.0
4,19.5,141.0,8.0,143.0,2.0
2,2.1,10.0,1.0,152.0,142.0
0,7.7,65.0,2.0,152.0,87.0
1,10.1,76.0,3.0,152.0,76.0
6,17.5,139.0,4.0,152.0,13.0
4,19.1,149.0,5.0,152.0,3.0
5,19.2,149.0,6.0,152.0,3.0
3,19.6,152.0,7.0,152.0,0.0
3,0.3,0.0,1.0,191.0,191.0
4,11.2,107.0,2.0,191.0,84.0
1,16.2,170.0,3.0,191.0,21.0
0,16.5,172.0,4.0,191.0,19.0
2,18.1,177.0,5.0,191.0,14.0
3,0.4,2.0,1.0,142.0,140.0
5,3.9,23.0,2.0,142.0,119.0
0,7.1,43.0,3.0,142.0,99.0
1,10.4,60.0,4.0,142.0,82.0
4,17.1,123.0,5.0,142.0,19.0
2,18.5,135.0,6.0,142.0,7.0
5,3.4,21.0,1.0,138.0,117.0
4,7.5,47.0,2.0,138.0,91.0
1,10.4,59.0,3.0,138.0,79.0
0,12.1,72.0,4.0,138.0,66.0
3,14.5,94.0,5.0,138.0,44.0
2,16.6,108.0,6.0,138.0,30.0
7,17.6,115.0,7.0,138.0,23.0
6,18.3,118.0,8.0,138.0,20.0
2,3.5,32.0,1.0,170.0,138.0
0,10.2,91.0,2.0,170.0,79.0
1,10.6,93.0,3.0,170.0,77.0
6,13.3,99.0,4.0,170.0,71.0
5,19.1,162.0,5.0,170.0,8.0
3,19.4,169.0,6.0,170.0,1.0
4,19.5,169.0,7.0,170.0,1.0
6,0.4,0.0,1.0,135.0,135.0
0,7.2,56.0,2.0,135.0,79.0
4,9.6,74.0,3.0,135.0,61.0
7,13.1,91.0,4.0,135.0,44.0
1,16.5,117.0,5.0,135.0,18.0
5,19.2,133.0,6.0,135.0,2.0
3,19.3,133.0,7.0,135.0,2.0
2,19.6,135.0,8.0,135.0,0.0
0,3.4,27.0,1.0,185.0,158.0
1,19.4,182.0,2.0,185.0,3.0
2,19.5,182.0,3.0,185.0,3.0
3,1.6,11.0,1.0,164.0,153.0
0,6.6,48.0,2.0,164.0,116.0
2,7.6,54.0,3.0,164.0,110.0
1,16.4,125.0,4.0,164.0,39.0
0,2.1,14.0,1.0,143.0,129.0
5,5.5,35.0,2.0,143.0,108.0
2,9.2,63.0,3.0,143.0,80.0
1,9.6,65.0,4.0,143.0,78.0
4,13.3,89.0,5.0,143.0,54.0
3,19.2,139.0,6.0,143.0,4.0
1,1.4,8.0,1.0,180.0,172.0
0,7.4,59.0,2.0,180.0,121.0
2,3.6,24.0,1.0,160.0,136.0
1,12.2,80.0,2.0,160.0,80.0
0,14.5,99.0,3.0,160.0,61.0
4,17.1,119.0,4.0,160.0,41.0
3,18.1,133.0,5.0,160.0,27.0
4,0.2,0.0,1.0,189.0,189.0
0,14.3,137.0,2.0,189.0,52.0
5,17.5,174.0,3.0,189.0,15.0
3,18.4,180.0,4.0,189.0,9.0
1,19.5,189.0,5.0,189.0,0.0
2,19.6,189.0,6.0,189.0,0.0
5,0.4,0.0,1.0,118.0,118.0
6,4.6,26.0,2.0,118.0,92.0
7,5.3,27.0,3.0,118.0,91.0
0,7.1,29.0,4.0,118.0,89.0
3,8.1,32.0,5.0,118.0,86.0
1,16.4,79.0,6.0,118.0,39.0
4,18.1,92.0,7.0,118.0,26.0
2,19.4,115.0,8.0,118.0,3.0
0,10.4,112.0,1.0,172.0,60.0
5,11.2,116.0,2.0,172.0,56.0
4,11.6,117.0,3.0,172.0,55.0
3,14.3,130.0,4.0,172.0,42.0
2,16.4,142.0,5.0,172.0,30.0
1,16.5,142.0,6.0,172.0,30.0
0,7.4,69.0,1.0,174.0,105.0
1,8.5,77.0,2.0,174.0,97.0
3,13.5,121.0,3.0,174.0,53.0
2,15.5,130.0,4.0,174.0,44.0
4,17.2,145.0,5.0,174.0,29.0
0,2.3,13.0,1.0,195.0,182.0
2,13.5,124.0,2.0,195.0,71.0
1,19.3,188.0,3.0,195.0,7.0
5,0.3,1.0,1.0,186.0,185.0
6,0.5,2.0,2.0,186.0,184.0
7,4.6,32.0,3.0,186.0,154.0
1,16.2,137.0,4.0,186.0,49.0
0,16.4,137.0,5.0,186.0,49.0
4,18.4,174.0,6.0,186.0,12.0
3,19.2,182.0,7.0,186.0,4.0
2,19.6,186.0,8.0,186.0,0.0
1,3.4,28.0,1.0,194.0,166.0
2,15.5,152.0,2.0,194.0,42.0
0,16.5,160.0,3.0,194.0,34.0
4,17.2,161.0,4.0,194.0,33.0
3,19.2,190.0,5.0,194.0,4.0
0,6.4,65.0,1.0,154.0,89.0
2,7.5,70.0,2.0,154.0,84.0
1,7.6,70.0,3.0,154.0,84.0
4,8.5,73.0,4.0,154.0,81.0
8,13.1,100.0,5.0,154.0,54.0
9,17.2,139.0,6.0,154.0,15.0
6,18.2,145.0,7.0,154.0,9.0
7,18.5,151.0,8.0,154.0,3.0
5,19.3,153.0,9.0,154.0,1.0
3,19.5,154.0,10.0,154.0,0.0
3,1.5,8.0,1.0,159.0,151.0
1,9.2,92.0,2.0,159.0,67.0
0,12.1,105.0,3.0,159.0,54.0
4,17.3,138.0,4.0,159.0,21.0
2,19.2,149.0,5.0,159.0,10.0
4,1.3,8.0,1.0,185.0,177.0
6,11.1,92.0,2.0,185.0,93.0
5,13.4,109.0,3.0,185.0,76.0
0,16.4,129.0,4.0,185.0,56.0
3,18.6,167.0,5.0,185.0,18.0
1,19.5,184.0,6.0,185.0,1.0
2,19.6,185.0,7.0,185.0,0.0
3,2.5,17.0,1.0,149.0,132.0
2,3.1,17.0,2.0,149.0,132.0
1,3.7,24.0,3.0,149.0,125.0
0,10.6,75.0,4.0,149.0,74.0
6,17.3,127.0,5.0,149.0,22.0
5,18.6,138.0,6.0,149.0,11.0
4,19.6,149.0,7.0,149.0,0.0
2,13.3,101.0,1.0,164.0,63.0
0,16.5,137.0,2.0,164.0,27.0
1,19.6,164.0,3.0,164.0,0.0
3,2.5,13.0,1.0,162.0,149.0
6,5.6,48.0,2.0,162.0,114.0
4,9.4,65.0,3.0,162.0,97.0
2,14.4,110.0,4.0,162.0,52.0
1,16.5,137.0,5.0,162.0,25.0
0,16.6,138.0,6.0,162.0,24.0
5,17.7,143.0,7.0,162.0,19.0
2,2.4,2.0,1.0,126.0,124.0
4,4.6,24.0,2.0,126.0,102.0
5,5.4,25.0,3.0,126.0,101.0
1,7.4,34.0,4.0,126.0,92.0
0,14.1,79.0,5.0,126.0,47.0
3,18.1,106.0,6.0,126.0,20.0
1,2.2,26.0,1.0,191.0,165.0
0,14.2,132.0,2.0,191.0,59.0
5,15.4,144.0,3.0,191.0,47.0
4,17.6,171.0,4.0,191.0,20.0
2,18.1,171.0,5.0,191.0,20.0
3,18.5,174.0,6.0,191.0,17.0
4,5.4,45.0,1.0,181.0,136.0
0,6.6,48.0,2.0,181.0,133.0
2,13.5,106.0,3.0,181.0,75.0
3,17.6,152.0,4.0,181.0,29.0
1,18.1,152.0,5.0,181.0,29.0
1,9.6,85.0,1.0,177.0,92.0
2,11.3,91.0,2.0,177.0,86.0
0,19.4,176.0,3.0,177.0,1.0
2,2.1,15.0,1.0,158.0,143.0
1,2.3,15.0,2.0,158.0,143.0
0,3.3,21.0,3.0,158.0,137.0
3,5.5,24.0,4.0,158.0,134.0
3,7.3,63.0,1.0,175.0,112.0
0,7.5,64.0,2.0,175.0,111.0
2,8.4,67.0,3.0,175.0,108.0
5,17.5,155.0,4.0,175.0,20.0
1,19.6,174.0,5.0,175.0,1.0
4,19.7,175.0,6.0,175.0,0.0
1,3.2,18.0,1.0,137.0,119.0
0,10.2,64.0,2.0,137.0,73.0
7,15.2,96.0,3.0,137.0,41.0
5,17.4,114.0,4.0,137.0,23.0
6,17.5,114.0,5.0,137.0,23.0
4,19.2,135.0,6.0,137.0,2.0
2,19.4,136.0,7.0,137.0,1.0
3,19.6,137.0,8.0,137.0,0.0
2,1.1,8.0,1.0,151.0,143.0
1,3.4,17.0,2.0,151.0,134.0
0,10.1,60.0,3.0,151.0,91.0
3,15.3,98.0,4.0,151.0,53.0
3,8.5,67.0,1.0,146.0,79.0
0,12.6,98.0,2.0,146.0,48.0
1,14.6,113.0,3.0,146.0,33.0
7,15.2,114.0,4.0,146.0,32.0
6,17.6,135.0,5.0,146.0,11.0
4,18.3,137.0,6.0,146.0,9.0
5,18.6,138.0,7.0,146.0,8.0
2,19.5,143.0,8.0,146.0,3.0
6,1.7,7.0,1.0,124.0,117.0
3,2.5,8.0,2.0,124.0,116.0
4,8.5,36.0,3.0,124.0,88.0
0,10.4,47.0,4.0,124.0,77.0
7,13.3,61.0,5.0,124.0,63.0
2,16.4,103.0,6.0,124.0,21.0
1,16.5,103.0,7.0,124.0,21.0
8,17.2,104.0,8.0,124.0,20.0
5,18.3,114.0,9.0,124.0,10.0
0,3.5,19.0,1.0,248.0,229.0
1,19.5,248.0,2.0,248.0,0.0
2,19.6,248.0,3.0,248.0,0.0
2,2.4,19.0,1.0,103.0,84.0
5,4.3,26.0,2.0,103.0,77.0
3,9.4,67.0,3.0,103.0,36.0
0,10.3,74.0,4.0,103.0,29.0
4,13.5,87.0,5.0,103.0,16.0
1,16.2,102.0,6.0,103.0,1.0
1,4.2,33.0,1.0,179.0,146.0
2,11.1,87.0,2.0,179.0,92.0
3,17.2,152.0,3.0,179.0,27.0
0,19.4,173.0,4.0,179.0,6.0
0,6.3,46.0,1.0,206.0,160.0
1,14.6,144.0,2.0,206.0,62.0
2,17.2,173.0,3.0,206.0,33.0
3,17.5,174.0,4.0,206.0,32.0
2,2.2,14.0,1.0,183.0,169.0
0,10.4,90.0,2.0,183.0,93.0
3,13.4,113.0,3.0,183.0,70.0
1,14.1,118.0,4.0,183.0,65.0
4,15.2,125.0,5.0,183.0,58.0
2,2.1,4.0,1.0,121.0,117.0
5,4.5,25.0,2.0,121.0,96.0
3,9.6,49.0,3.0,121.0,72.0
0,12.6,62.0,4.0,121.0,59.0
1,14.3,70.0,5.0,121.0,51.0
4,18.2,93.0,6.0,121.0,28.0
0,10.6,147.0,1.0,211.0,64.0
2,11.4,154.0,2.0,211.0,57.0
1,13.6,199.0,3.0,211.0,12.0
2,3.1,23.0,1.0,124.0,101.0
6,4.2,34.0,2.0,124.0,90.0
1,6.2,44.0,3.0,124.0,80.0
4,9.2,55.0,4.0,124.0,69.0
7,11.3,61.0,5.0,124.0,63.0
0,16.5,102.0,6.0,124.0,22.0
5,18.2,120.0,7.0,124.0,4.0
3,19.3,122.0,8.0,124.0,2.0
6,5.6,46.0,1.0,158.0,112.0
0,6.4,48.0,2.0,158.0,110.0
2,9.3,66.0,3.0,158.0,92.0
3,13.3,105.0,4.0,158.0,53.0
5,15.2,117.0,5.0,158.0,41.0
4,17.3,132.0,6.0,158.0,26.0
1,19.6,158.0,7.0,158.0,0.0
2,7.3,60.0,1.0,172.0,112.0
1,8.3,65.0,2.0,172.0,107.0
6,15.4,123.0,3.0,172.0,49.0
4,17.3,150.0,4.0,172.0,22.0
5,17.5,154.0,5.0,172.0,18.0
3,18.6,160.0,6.0,172.0,12.0
0,19.1,160.0,7.0,172.0,12.0
1,3.5,33.0,1.0,172.0,139.0
6,4.3,41.0,2.0,172.0,131.0
5,4.6,45.0,3.0,172.0,127.0
4,13.5,120.0,4.0,172.0,52.0
0,16.7,153.0,5.0,172.0,19.0
7,17.5,160.0,6.0,172.0,12.0
3,19.2,166.0,7.0,172.0,6.0
2,19.6,172.0,8.0,172.0,0.0
1,3.4,33.0,1.0,171.0,138.0
5,5.6,48.0,2.0,171.0,123.0
3,7.3,57.0,3.0,171.0,114.0
4,15.4,144.0,4.0,171.0,27.0
0,16.4,153.0,5.0,171.0,18.0
2,19.1,164.0,6.0,171.0,7.0
5,1.2,11.0,1.0,138.0,127.0
7,5.3,42.0,2.0,138.0,96.0
4,9.3,71.0,3.0,138.0,67.0
6,11.2,81.0,4.0,138.0,57.0
1,14.4,96.0,5.0,138.0,42.0
2,14.7,98.0,6.0,138.0,40.0
0,16.1,107.0,7.0,138.0,31.0
3,19.6,138.0,8.0,138.0,0.0
7,1.1,2.0,1.0,158.0,156.0
6,1.4,6.0,2.0,158.0,152.0
1,3.4,9.0,3.0,158.0,149.0
8,13.5,94.0,4.0,158.0,64.0
9,15.6,107.0,5.0,158.0,51.0
0,16.3,115.0,6.0,158.0,43.0
4,18.3,145.0,7.0,158.0,13.0
5,18.4,145.0,8.0,158.0,13.0
3,19.3,156.0,9.0,158.0,2.0
2,19.6,158.0,10.0,158.0,0.0
7,1.6,12.0,1.0,162.0,150.0
2,9.4,71.0,2.0,162.0,91.0
3,9.5,71.0,3.0,162.0,91.0
4,15.5,120.0,4.0,162.0,42.0
0,16.1,124.0,5.0,162.0,38.0
5,18.4,145.0,6.0,162.0,17.0
6,18.7,147.0,7.0,162.0,15.0
1,19.5,161.0,8.0,162.0,1.0
4,0.7,7.0,1.0,162.0,155.0
1,3.2,19.0,2.0,162.0,143.0
3,8.5,63.0,3.0,162.0,99.0
5,11.6,81.0,4.0,162.0,81.0
0,12.4,83.0,5.0,162.0,79.0
6,17.3,134.0,6.0,162.0,28.0
2,19.4,158.0,7.0,162.0,4.0
1,6.4,63.0,1.0,208.0,145.0
2,9.5,97.0,2.0,208.0,111.0
4,13.3,125.0,3.0,208.0,83.0
6,15.6,147.0,4.0,208.0,61.0
0,16.2,148.0,5.0,208.0,60.0
5,17.3,158.0,6.0,208.0,50.0
3,18.4,174.0,7.0,208.0,34.0
